2023/10/15 00:00,05F0000S,05F0055S,31,231,27
2023/10/15 00:00,05F0000S,05F0055S,32,232,8
2023/10/15 00:00,05F0000S,05F0055S,41,231,1
2023/10/15 00:00,05F0000S,05F0055S,42,0,0
2023/10/15 00:00,05F0000S,05F0055S,5,0,0
2023/10/15 00:00,05F0055S,05F0287S,31,923,37
2023/10/15 00:00,05F0055S,05F0287S,32,936,13
2023/10/15 00:00,05F0055S,05F0287S,41,944,3
2023/10/15 00:00,05F0055S,05F0287S,42,0,0
2023/10/15 00:00,05F0055S,05F0287S,5,0,0
2023/10/15 00:00,05F0287S,05F0309S,31,84,30
2023/10/15 00:00,05F0287S,05F0309S,32,87,10
2023/10/15 00:00,05F0287S,05F0309S,41,90,2
2023/10/15 00:00,05F0287S,05F0309S,42,0,0
2023/10/15 00:00,05F0287S,05F0309S,5,0,0
2023/10/15 00:00,05F0309S,05F0439S,31,476,35
2023/10/15 00:00,05F0309S,05F0439S,32,471,5
2023/10/15 00:00,05F0309S,05F0439S,41,513,2
2023/10/15 00:00,05F0309S,05F0439S,42,0,0
2023/10/15 00:00,05F0309S,05F0439S,5,393,1
2023/10/15 00:00,05F0439S,05F0494S,31,217,9
2023/10/15 00:00,05F0439S,05F0494S,32,0,0
2023/10/15 00:00,05F0439S,05F0494S,41,0,0
2023/10/15 00:00,05F0439S,05F0494S,42,0,0
2023/10/15 00:00,05F0439S,05F0494S,5,163,1
2023/10/15 00:05,05F0000S,05F0055S,31,232,29
2023/10/15 00:05,05F0000S,05F0055S,32,231,5
2023/10/15 00:05,05F0000S,05F0055S,41,0,0
2023/10/15 00:05,05F0000S,05F0055S,42,0,0
2023/10/15 00:05,05F0000S,05F0055S,5,0,0
2023/10/15 00:05,05F0055S,05F0287S,31,942,38
2023/10/15 00:05,05F0055S,05F0287S,32,919,12
2023/10/15 00:05,05F0055S,05F0287S,41,1019,1
2023/10/15 00:05,05F0055S,05F0287S,42,0,0
2023/10/15 00:05,05F0055S,05F0287S,5,0,0
2023/10/15 00:05,05F0287S,05F0309S,31,83,24
2023/10/15 00:05,05F0287S,05F0309S,32,84,12
2023/10/15 00:05,05F0287S,05F0309S,41,85,1
2023/10/15 00:05,05F0287S,05F0309S,42,0,0
2023/10/15 00:05,05F0287S,05F0309S,5,0,0
2023/10/15 00:05,05F0309S,05F0439S,31,471,18
2023/10/15 00:05,05F0309S,05F0439S,32,486,3
2023/10/15 00:05,05F0309S,05F0439S,41,0,0
2023/10/15 00:05,05F0309S,05F0439S,42,545,1
2023/10/15 00:05,05F0309S,05F0439S,5,0,0
2023/10/15 00:05,05F0439S,05F0494S,31,190,4
2023/10/15 00:05,05F0439S,05F0494S,32,207,1
2023/10/15 00:05,05F0439S,05F0494S,41,211,1
2023/10/15 00:05,05F0439S,05F0494S,42,0,0
2023/10/15 00:05,05F0439S,05F0494S,5,0,0
2023/10/15 00:10,05F0000S,05F0055S,31,227,31
2023/10/15 00:10,05F0000S,05F0055S,32,231,9
2023/10/15 00:10,05F0000S,05F0055S,41,0,0
2023/10/15 00:10,05F0000S,05F0055S,42,0,0
2023/10/15 00:10,05F0000S,05F0055S,5,0,0
2023/10/15 00:10,05F0055S,05F0287S,31,942,45
2023/10/15 00:10,05F0055S,05F0287S,32,913,7
2023/10/15 00:10,05F0055S,05F0287S,41,1002,1
2023/10/15 00:10,05F0055S,05F0287S,42,0,0
2023/10/15 00:10,05F0055S,05F0287S,5,0,0
2023/10/15 00:10,05F0287S,05F0309S,31,85,38
2023/10/15 00:10,05F0287S,05F0309S,32,90,10
2023/10/15 00:10,05F0287S,05F0309S,41,94,1
2023/10/15 00:10,05F0287S,05F0309S,42,0,0
2023/10/15 00:10,05F0287S,05F0309S,5,0,0
2023/10/15 00:10,05F0309S,05F0439S,31,467,16
2023/10/15 00:10,05F0309S,05F0439S,32,467,14
2023/10/15 00:10,05F0309S,05F0439S,41,517,1
2023/10/15 00:10,05F0309S,05F0439S,42,0,0
2023/10/15 00:10,05F0309S,05F0439S,5,514,2
2023/10/15 00:10,05F0439S,05F0494S,31,156,3
2023/10/15 00:10,05F0439S,05F0494S,32,193,4
2023/10/15 00:10,05F0439S,05F0494S,41,0,0
2023/10/15 00:10,05F0439S,05F0494S,42,223,1
2023/10/15 00:10,05F0439S,05F0494S,5,0,0
2023/10/15 00:15,05F0000S,05F0055S,31,230,23
2023/10/15 00:15,05F0000S,05F0055S,32,234,7
2023/10/15 00:15,05F0000S,05F0055S,41,234,3
2023/10/15 00:15,05F0000S,05F0055S,42,0,0
2023/10/15 00:15,05F0000S,05F0055S,5,0,0
2023/10/15 00:15,05F0055S,05F0287S,31,930,30
2023/10/15 00:15,05F0055S,05F0287S,32,924,7
2023/10/15 00:15,05F0055S,05F0287S,41,0,0
2023/10/15 00:15,05F0055S,05F0287S,42,0,0
2023/10/15 00:15,05F0055S,05F0287S,5,0,0
2023/10/15 00:15,05F0287S,05F0309S,31,88,20
2023/10/15 00:15,05F0287S,05F0309S,32,83,4
2023/10/15 00:15,05F0287S,05F0309S,41,819,1
2023/10/15 00:15,05F0287S,05F0309S,42,0,0
2023/10/15 00:15,05F0287S,05F0309S,5,0,0
2023/10/15 00:15,05F0309S,05F0439S,31,475,24
2023/10/15 00:15,05F0309S,05F0439S,32,494,6
2023/10/15 00:15,05F0309S,05F0439S,41,0,0
2023/10/15 00:15,05F0309S,05F0439S,42,0,0
2023/10/15 00:15,05F0309S,05F0439S,5,644,1
2023/10/15 00:15,05F0439S,05F0494S,31,184,3
2023/10/15 00:15,05F0439S,05F0494S,32,216,3
2023/10/15 00:15,05F0439S,05F0494S,41,0,0
2023/10/15 00:15,05F0439S,05F0494S,42,0,0
2023/10/15 00:15,05F0439S,05F0494S,5,205,1
2023/10/15 00:20,05F0000S,05F0055S,31,229,33
2023/10/15 00:20,05F0000S,05F0055S,32,232,10
2023/10/15 00:20,05F0000S,05F0055S,41,196,1
2023/10/15 00:20,05F0000S,05F0055S,42,0,0
2023/10/15 00:20,05F0000S,05F0055S,5,0,0
2023/10/15 00:20,05F0055S,05F0287S,31,945,28
2023/10/15 00:20,05F0055S,05F0287S,32,929,8
2023/10/15 00:20,05F0055S,05F0287S,41,981,1
2023/10/15 00:20,05F0055S,05F0287S,42,0,0
2023/10/15 00:20,05F0055S,05F0287S,5,0,0
2023/10/15 00:20,05F0287S,05F0309S,31,84,17
2023/10/15 00:20,05F0287S,05F0309S,32,84,7
2023/10/15 00:20,05F0287S,05F0309S,41,0,0
2023/10/15 00:20,05F0287S,05F0309S,42,0,0
2023/10/15 00:20,05F0287S,05F0309S,5,0,0
2023/10/15 00:20,05F0309S,05F0439S,31,478,23
2023/10/15 00:20,05F0309S,05F0439S,32,461,6
2023/10/15 00:20,05F0309S,05F0439S,41,539,1
2023/10/15 00:20,05F0309S,05F0439S,42,0,0
2023/10/15 00:20,05F0309S,05F0439S,5,0,0
2023/10/15 00:20,05F0439S,05F0494S,31,193,7
2023/10/15 00:20,05F0439S,05F0494S,32,202,4
2023/10/15 00:20,05F0439S,05F0494S,41,0,0
2023/10/15 00:20,05F0439S,05F0494S,42,0,0
2023/10/15 00:20,05F0439S,05F0494S,5,271,1
2023/10/15 00:25,05F0000S,05F0055S,31,234,28
2023/10/15 00:25,05F0000S,05F0055S,32,228,5
2023/10/15 00:25,05F0000S,05F0055S,41,245,1
2023/10/15 00:25,05F0000S,05F0055S,42,0,0
2023/10/15 00:25,05F0000S,05F0055S,5,0,0
2023/10/15 00:25,05F0055S,05F0287S,31,923,28
2023/10/15 00:25,05F0055S,05F0287S,32,943,7
2023/10/15 00:25,05F0055S,05F0287S,41,0,0
2023/10/15 00:25,05F0055S,05F0287S,42,0,0
2023/10/15 00:25,05F0055S,05F0287S,5,0,0
2023/10/15 00:25,05F0287S,05F0309S,31,85,26
2023/10/15 00:25,05F0287S,05F0309S,32,78,5
2023/10/15 00:25,05F0287S,05F0309S,41,0,0
2023/10/15 00:25,05F0287S,05F0309S,42,0,0
2023/10/15 00:25,05F0287S,05F0309S,5,0,0
2023/10/15 00:25,05F0309S,05F0439S,31,480,21
2023/10/15 00:25,05F0309S,05F0439S,32,465,5
2023/10/15 00:25,05F0309S,05F0439S,41,532,1
2023/10/15 00:25,05F0309S,05F0439S,42,0,0
2023/10/15 00:25,05F0309S,05F0439S,5,0,0
2023/10/15 00:25,05F0439S,05F0494S,31,200,7
2023/10/15 00:25,05F0439S,05F0494S,32,208,1
2023/10/15 00:25,05F0439S,05F0494S,41,0,0
2023/10/15 00:25,05F0439S,05F0494S,42,0,0
2023/10/15 00:25,05F0439S,05F0494S,5,0,0
2023/10/15 00:30,05F0000S,05F0055S,31,239,32
2023/10/15 00:30,05F0000S,05F0055S,32,233,6
2023/10/15 00:30,05F0000S,05F0055S,41,0,0
2023/10/15 00:30,05F0000S,05F0055S,42,0,0
2023/10/15 00:30,05F0000S,05F0055S,5,0,0
2023/10/15 00:30,05F0055S,05F0287S,31,922,30
2023/10/15 00:30,05F0055S,05F0287S,32,926,8
2023/10/15 00:30,05F0055S,05F0287S,41,1007,3
2023/10/15 00:30,05F0055S,05F0287S,42,0,0
2023/10/15 00:30,05F0055S,05F0287S,5,0,0
2023/10/15 00:30,05F0287S,05F0309S,31,84,16
2023/10/15 00:30,05F0287S,05F0309S,32,83,8
2023/10/15 00:30,05F0287S,05F0309S,41,91,2
2023/10/15 00:30,05F0287S,05F0309S,42,0,0
2023/10/15 00:30,05F0287S,05F0309S,5,0,0
2023/10/15 00:30,05F0309S,05F0439S,31,487,13
2023/10/15 00:30,05F0309S,05F0439S,32,479,5
2023/10/15 00:30,05F0309S,05F0439S,41,0,0
2023/10/15 00:30,05F0309S,05F0439S,42,0,0
2023/10/15 00:30,05F0309S,05F0439S,5,475,2
2023/10/15 00:30,05F0439S,05F0494S,31,215,7
2023/10/15 00:30,05F0439S,05F0494S,32,203,1
2023/10/15 00:30,05F0439S,05F0494S,41,0,0
2023/10/15 00:30,05F0439S,05F0494S,42,0,0
2023/10/15 00:30,05F0439S,05F0494S,5,0,0
2023/10/15 00:35,05F0000S,05F0055S,31,224,25
2023/10/15 00:35,05F0000S,05F0055S,32,235,11
2023/10/15 00:35,05F0000S,05F0055S,41,0,0
2023/10/15 00:35,05F0000S,05F0055S,42,0,0
2023/10/15 00:35,05F0000S,05F0055S,5,0,0
2023/10/15 00:35,05F0055S,05F0287S,31,925,26
2023/10/15 00:35,05F0055S,05F0287S,32,945,9
2023/10/15 00:35,05F0055S,05F0287S,41,0,0
2023/10/15 00:35,05F0055S,05F0287S,42,0,0
2023/10/15 00:35,05F0055S,05F0287S,5,0,0
2023/10/15 00:35,05F0287S,05F0309S,31,83,25
2023/10/15 00:35,05F0287S,05F0309S,32,91,5
2023/10/15 00:35,05F0287S,05F0309S,41,83,1
2023/10/15 00:35,05F0287S,05F0309S,42,0,0
2023/10/15 00:35,05F0287S,05F0309S,5,0,0
2023/10/15 00:35,05F0309S,05F0439S,31,483,17
2023/10/15 00:35,05F0309S,05F0439S,32,464,4
2023/10/15 00:35,05F0309S,05F0439S,41,0,0
2023/10/15 00:35,05F0309S,05F0439S,42,0,0
2023/10/15 00:35,05F0309S,05F0439S,5,0,0
2023/10/15 00:35,05F0439S,05F0494S,31,206,3
2023/10/15 00:35,05F0439S,05F0494S,32,0,0
2023/10/15 00:35,05F0439S,05F0494S,41,0,0
2023/10/15 00:35,05F0439S,05F0494S,42,0,0
2023/10/15 00:35,05F0439S,05F0494S,5,198,1
2023/10/15 00:40,05F0000S,05F0055S,31,233,28
2023/10/15 00:40,05F0000S,05F0055S,32,230,2
2023/10/15 00:40,05F0000S,05F0055S,41,0,0
2023/10/15 00:40,05F0000S,05F0055S,42,0,0
2023/10/15 00:40,05F0000S,05F0055S,5,0,0
2023/10/15 00:40,05F0055S,05F0287S,31,942,35
2023/10/15 00:40,05F0055S,05F0287S,32,947,6
2023/10/15 00:40,05F0055S,05F0287S,41,970,2
2023/10/15 00:40,05F0055S,05F0287S,42,0,0
2023/10/15 00:40,05F0055S,05F0287S,5,0,0
2023/10/15 00:40,05F0287S,05F0309S,31,83,22
2023/10/15 00:40,05F0287S,05F0309S,32,87,2
2023/10/15 00:40,05F0287S,05F0309S,41,0,0
2023/10/15 00:40,05F0287S,05F0309S,42,0,0
2023/10/15 00:40,05F0287S,05F0309S,5,0,0
2023/10/15 00:40,05F0309S,05F0439S,31,454,11
2023/10/15 00:40,05F0309S,05F0439S,32,482,5
2023/10/15 00:40,05F0309S,05F0439S,41,517,1
2023/10/15 00:40,05F0309S,05F0439S,42,0,0
2023/10/15 00:40,05F0309S,05F0439S,5,0,0
2023/10/15 00:40,05F0439S,05F0494S,31,199,7
2023/10/15 00:40,05F0439S,05F0494S,32,177,3
2023/10/15 00:40,05F0439S,05F0494S,41,0,0
2023/10/15 00:40,05F0439S,05F0494S,42,0,0
2023/10/15 00:40,05F0439S,05F0494S,5,0,0
2023/10/15 00:45,05F0000S,05F0055S,31,235,23
2023/10/15 00:45,05F0000S,05F0055S,32,219,12
2023/10/15 00:45,05F0000S,05F0055S,41,228,2
2023/10/15 00:45,05F0000S,05F0055S,42,0,0
2023/10/15 00:45,05F0000S,05F0055S,5,0,0
2023/10/15 00:45,05F0055S,05F0287S,31,949,23
2023/10/15 00:45,05F0055S,05F0287S,32,946,4
2023/10/15 00:45,05F0055S,05F0287S,41,0,0
2023/10/15 00:45,05F0055S,05F0287S,42,0,0
2023/10/15 00:45,05F0055S,05F0287S,5,0,0
2023/10/15 00:45,05F0287S,05F0309S,31,83,23
2023/10/15 00:45,05F0287S,05F0309S,32,78,4
2023/10/15 00:45,05F0287S,05F0309S,41,0,0
2023/10/15 00:45,05F0287S,05F0309S,42,0,0
2023/10/15 00:45,05F0287S,05F0309S,5,0,0
2023/10/15 00:45,05F0309S,05F0439S,31,484,17
2023/10/15 00:45,05F0309S,05F0439S,32,488,4
2023/10/15 00:45,05F0309S,05F0439S,41,2340,1
2023/10/15 00:45,05F0309S,05F0439S,42,0,0
2023/10/15 00:45,05F0309S,05F0439S,5,560,2
2023/10/15 00:45,05F0439S,05F0494S,31,195,3
2023/10/15 00:45,05F0439S,05F0494S,32,222,2
2023/10/15 00:45,05F0439S,05F0494S,41,0,0
2023/10/15 00:45,05F0439S,05F0494S,42,0,0
2023/10/15 00:45,05F0439S,05F0494S,5,0,0
2023/10/15 00:50,05F0000S,05F0055S,31,228,32
2023/10/15 00:50,05F0000S,05F0055S,32,236,1
2023/10/15 00:50,05F0000S,05F0055S,41,220,1
2023/10/15 00:50,05F0000S,05F0055S,42,0,0
2023/10/15 00:50,05F0000S,05F0055S,5,0,0
2023/10/15 00:50,05F0055S,05F0287S,31,967,35
2023/10/15 00:50,05F0055S,05F0287S,32,981,11
2023/10/15 00:50,05F0055S,05F0287S,41,0,0
2023/10/15 00:50,05F0055S,05F0287S,42,0,0
2023/10/15 00:50,05F0055S,05F0287S,5,0,0
2023/10/15 00:50,05F0287S,05F0309S,31,85,20
2023/10/15 00:50,05F0287S,05F0309S,32,83,9
2023/10/15 00:50,05F0287S,05F0309S,41,0,0
2023/10/15 00:50,05F0287S,05F0309S,42,0,0
2023/10/15 00:50,05F0287S,05F0309S,5,0,0
2023/10/15 00:50,05F0309S,05F0439S,31,466,19
2023/10/15 00:50,05F0309S,05F0439S,32,487,2
2023/10/15 00:50,05F0309S,05F0439S,41,0,0
2023/10/15 00:50,05F0309S,05F0439S,42,544,1
2023/10/15 00:50,05F0309S,05F0439S,5,0,0
2023/10/15 00:50,05F0439S,05F0494S,31,215,9
2023/10/15 00:50,05F0439S,05F0494S,32,216,3
2023/10/15 00:50,05F0439S,05F0494S,41,0,0
2023/10/15 00:50,05F0439S,05F0494S,42,0,0
2023/10/15 00:50,05F0439S,05F0494S,5,237,2
2023/10/15 00:55,05F0000S,05F0055S,31,238,16
2023/10/15 00:55,05F0000S,05F0055S,32,255,3
2023/10/15 00:55,05F0000S,05F0055S,41,0,0
2023/10/15 00:55,05F0000S,05F0055S,42,0,0
2023/10/15 00:55,05F0000S,05F0055S,5,0,0
2023/10/15 00:55,05F0055S,05F0287S,31,917,29
2023/10/15 00:55,05F0055S,05F0287S,32,950,7
2023/10/15 00:55,05F0055S,05F0287S,41,0,0
2023/10/15 00:55,05F0055S,05F0287S,42,0,0
2023/10/15 00:55,05F0055S,05F0287S,5,0,0
2023/10/15 00:55,05F0287S,05F0309S,31,85,21
2023/10/15 00:55,05F0287S,05F0309S,32,85,7
2023/10/15 00:55,05F0287S,05F0309S,41,0,0
2023/10/15 00:55,05F0287S,05F0309S,42,0,0
2023/10/15 00:55,05F0287S,05F0309S,5,0,0
2023/10/15 00:55,05F0309S,05F0439S,31,496,11
2023/10/15 00:55,05F0309S,05F0439S,32,437,1
2023/10/15 00:55,05F0309S,05F0439S,41,0,0
2023/10/15 00:55,05F0309S,05F0439S,42,715,1
2023/10/15 00:55,05F0309S,05F0439S,5,0,0
2023/10/15 00:55,05F0439S,05F0494S,31,205,8
2023/10/15 00:55,05F0439S,05F0494S,32,189,1
2023/10/15 00:55,05F0439S,05F0494S,41,0,0
2023/10/15 00:55,05F0439S,05F0494S,42,230,1
2023/10/15 00:55,05F0439S,05F0494S,5,0,0
2023/10/15 01:00,05F0000S,05F0055S,31,230,25
2023/10/15 01:00,05F0000S,05F0055S,32,239,5
2023/10/15 01:00,05F0000S,05F0055S,41,270,1
2023/10/15 01:00,05F0000S,05F0055S,42,0,0
2023/10/15 01:00,05F0000S,05F0055S,5,0,0
2023/10/15 01:00,05F0055S,05F0287S,31,952,25
2023/10/15 01:00,05F0055S,05F0287S,32,946,10
2023/10/15 01:00,05F0055S,05F0287S,41,957,2
2023/10/15 01:00,05F0055S,05F0287S,42,0,0
2023/10/15 01:00,05F0055S,05F0287S,5,0,0
2023/10/15 01:00,05F0287S,05F0309S,31,86,18
2023/10/15 01:00,05F0287S,05F0309S,32,75,7
2023/10/15 01:00,05F0287S,05F0309S,41,93,1
2023/10/15 01:00,05F0287S,05F0309S,42,0,0
2023/10/15 01:00,05F0287S,05F0309S,5,0,0
2023/10/15 01:00,05F0309S,05F0439S,31,467,16
2023/10/15 01:00,05F0309S,05F0439S,32,473,7
2023/10/15 01:00,05F0309S,05F0439S,41,0,0
2023/10/15 01:00,05F0309S,05F0439S,42,491,1
2023/10/15 01:00,05F0309S,05F0439S,5,0,0
2023/10/15 01:00,05F0439S,05F0494S,31,203,10
2023/10/15 01:00,05F0439S,05F0494S,32,193,1
2023/10/15 01:00,05F0439S,05F0494S,41,0,0
2023/10/15 01:00,05F0439S,05F0494S,42,210,1
2023/10/15 01:00,05F0439S,05F0494S,5,0,0
2023/10/15 01:05,05F0000S,05F0055S,31,229,25
2023/10/15 01:05,05F0000S,05F0055S,32,233,8
2023/10/15 01:05,05F0000S,05F0055S,41,0,0
2023/10/15 01:05,05F0000S,05F0055S,42,0,0
2023/10/15 01:05,05F0000S,05F0055S,5,0,0
2023/10/15 01:05,05F0055S,05F0287S,31,928,27
2023/10/15 01:05,05F0055S,05F0287S,32,1018,1
2023/10/15 01:05,05F0055S,05F0287S,41,1012,1
2023/10/15 01:05,05F0055S,05F0287S,42,0,0
2023/10/15 01:05,05F0055S,05F0287S,5,0,0
2023/10/15 01:05,05F0287S,05F0309S,31,79,22
2023/10/15 01:05,05F0287S,05F0309S,32,85,3
2023/10/15 01:05,05F0287S,05F0309S,41,0,0
2023/10/15 01:05,05F0287S,05F0309S,42,0,0
2023/10/15 01:05,05F0287S,05F0309S,5,0,0
2023/10/15 01:05,05F0309S,05F0439S,31,474,13
2023/10/15 01:05,05F0309S,05F0439S,32,516,3
2023/10/15 01:05,05F0309S,05F0439S,41,0,0
2023/10/15 01:05,05F0309S,05F0439S,42,0,0
2023/10/15 01:05,05F0309S,05F0439S,5,513,3
2023/10/15 01:05,05F0439S,05F0494S,31,195,4
2023/10/15 01:05,05F0439S,05F0494S,32,212,2
2023/10/15 01:05,05F0439S,05F0494S,41,0,0
2023/10/15 01:05,05F0439S,05F0494S,42,262,1
2023/10/15 01:05,05F0439S,05F0494S,5,213,1
2023/10/15 01:10,05F0000S,05F0055S,31,238,19
2023/10/15 01:10,05F0000S,05F0055S,32,236,8
2023/10/15 01:10,05F0000S,05F0055S,41,0,0
2023/10/15 01:10,05F0000S,05F0055S,42,0,0
2023/10/15 01:10,05F0000S,05F0055S,5,0,0
2023/10/15 01:10,05F0055S,05F0287S,31,992,19
2023/10/15 01:10,05F0055S,05F0287S,32,966,2
2023/10/15 01:10,05F0055S,05F0287S,41,0,0
2023/10/15 01:10,05F0055S,05F0287S,42,0,0
2023/10/15 01:10,05F0055S,05F0287S,5,0,0
2023/10/15 01:10,05F0287S,05F0309S,31,90,13
2023/10/15 01:10,05F0287S,05F0309S,32,92,1
2023/10/15 01:10,05F0287S,05F0309S,41,0,0
2023/10/15 01:10,05F0287S,05F0309S,42,0,0
2023/10/15 01:10,05F0287S,05F0309S,5,0,0
2023/10/15 01:10,05F0309S,05F0439S,31,494,13
2023/10/15 01:10,05F0309S,05F0439S,32,437,4
2023/10/15 01:10,05F0309S,05F0439S,41,529,1
2023/10/15 01:10,05F0309S,05F0439S,42,503,2
2023/10/15 01:10,05F0309S,05F0439S,5,0,0
2023/10/15 01:10,05F0439S,05F0494S,31,210,8
2023/10/15 01:10,05F0439S,05F0494S,32,183,1
2023/10/15 01:10,05F0439S,05F0494S,41,0,0
2023/10/15 01:10,05F0439S,05F0494S,42,200,2
2023/10/15 01:10,05F0439S,05F0494S,5,210,1
2023/10/15 01:15,05F0000S,05F0055S,31,231,14
2023/10/15 01:15,05F0000S,05F0055S,32,229,10
2023/10/15 01:15,05F0000S,05F0055S,41,0,0
2023/10/15 01:15,05F0000S,05F0055S,42,0,0
2023/10/15 01:15,05F0000S,05F0055S,5,0,0
2023/10/15 01:15,05F0055S,05F0287S,31,933,24
2023/10/15 01:15,05F0055S,05F0287S,32,925,7
2023/10/15 01:15,05F0055S,05F0287S,41,0,0
2023/10/15 01:15,05F0055S,05F0287S,42,0,0
2023/10/15 01:15,05F0055S,05F0287S,5,0,0
2023/10/15 01:15,05F0287S,05F0309S,31,88,19
2023/10/15 01:15,05F0287S,05F0309S,32,83,4
2023/10/15 01:15,05F0287S,05F0309S,41,0,0
2023/10/15 01:15,05F0287S,05F0309S,42,0,0
2023/10/15 01:15,05F0287S,05F0309S,5,0,0
2023/10/15 01:15,05F0309S,05F0439S,31,503,14
2023/10/15 01:15,05F0309S,05F0439S,32,554,3
2023/10/15 01:15,05F0309S,05F0439S,41,0,0
2023/10/15 01:15,05F0309S,05F0439S,42,0,0
2023/10/15 01:15,05F0309S,05F0439S,5,0,0
2023/10/15 01:15,05F0439S,05F0494S,31,205,5
2023/10/15 01:15,05F0439S,05F0494S,32,0,0
2023/10/15 01:15,05F0439S,05F0494S,41,0,0
2023/10/15 01:15,05F0439S,05F0494S,42,0,0
2023/10/15 01:15,05F0439S,05F0494S,5,0,0
2023/10/15 01:20,05F0000S,05F0055S,31,219,19
2023/10/15 01:20,05F0000S,05F0055S,32,236,8
2023/10/15 01:20,05F0000S,05F0055S,41,0,0
2023/10/15 01:20,05F0000S,05F0055S,42,0,0
2023/10/15 01:20,05F0000S,05F0055S,5,0,0
2023/10/15 01:20,05F0055S,05F0287S,31,945,23
2023/10/15 01:20,05F0055S,05F0287S,32,929,7
2023/10/15 01:20,05F0055S,05F0287S,41,1145,1
2023/10/15 01:20,05F0055S,05F0287S,42,0,0
2023/10/15 01:20,05F0055S,05F0287S,5,0,0
2023/10/15 01:20,05F0287S,05F0309S,31,83,18
2023/10/15 01:20,05F0287S,05F0309S,32,82,3
2023/10/15 01:20,05F0287S,05F0309S,41,97,1
2023/10/15 01:20,05F0287S,05F0309S,42,0,0
2023/10/15 01:20,05F0287S,05F0309S,5,0,0
2023/10/15 01:20,05F0309S,05F0439S,31,506,12
2023/10/15 01:20,05F0309S,05F0439S,32,0,0
2023/10/15 01:20,05F0309S,05F0439S,41,0,0
2023/10/15 01:20,05F0309S,05F0439S,42,0,0
2023/10/15 01:20,05F0309S,05F0439S,5,0,0
2023/10/15 01:20,05F0439S,05F0494S,31,191,3
2023/10/15 01:20,05F0439S,05F0494S,32,221,1
2023/10/15 01:20,05F0439S,05F0494S,41,0,0
2023/10/15 01:20,05F0439S,05F0494S,42,0,0
2023/10/15 01:20,05F0439S,05F0494S,5,0,0
2023/10/15 01:25,05F0000S,05F0055S,31,222,17
2023/10/15 01:25,05F0000S,05F0055S,32,217,6
2023/10/15 01:25,05F0000S,05F0055S,41,0,0
2023/10/15 01:25,05F0000S,05F0055S,42,0,0
2023/10/15 01:25,05F0000S,05F0055S,5,0,0
2023/10/15 01:25,05F0055S,05F0287S,31,947,24
2023/10/15 01:25,05F0055S,05F0287S,32,920,9
2023/10/15 01:25,05F0055S,05F0287S,41,0,0
2023/10/15 01:25,05F0055S,05F0287S,42,0,0
2023/10/15 01:25,05F0055S,05F0287S,5,0,0
2023/10/15 01:25,05F0287S,05F0309S,31,85,14
2023/10/15 01:25,05F0287S,05F0309S,32,83,3
2023/10/15 01:25,05F0287S,05F0309S,41,0,0
2023/10/15 01:25,05F0287S,05F0309S,42,0,0
2023/10/15 01:25,05F0287S,05F0309S,5,0,0
2023/10/15 01:25,05F0309S,05F0439S,31,489,12
2023/10/15 01:25,05F0309S,05F0439S,32,488,5
2023/10/15 01:25,05F0309S,05F0439S,41,0,0
2023/10/15 01:25,05F0309S,05F0439S,42,565,1
2023/10/15 01:25,05F0309S,05F0439S,5,0,0
2023/10/15 01:25,05F0439S,05F0494S,31,221,3
2023/10/15 01:25,05F0439S,05F0494S,32,204,1
2023/10/15 01:25,05F0439S,05F0494S,41,0,0
2023/10/15 01:25,05F0439S,05F0494S,42,0,0
2023/10/15 01:25,05F0439S,05F0494S,5,0,0
2023/10/15 01:30,05F0000S,05F0055S,31,229,16
2023/10/15 01:30,05F0000S,05F0055S,32,253,6
2023/10/15 01:30,05F0000S,05F0055S,41,0,0
2023/10/15 01:30,05F0000S,05F0055S,42,0,0
2023/10/15 01:30,05F0000S,05F0055S,5,0,0
2023/10/15 01:30,05F0055S,05F0287S,31,901,18
2023/10/15 01:30,05F0055S,05F0287S,32,879,6
2023/10/15 01:30,05F0055S,05F0287S,41,0,0
2023/10/15 01:30,05F0055S,05F0287S,42,0,0
2023/10/15 01:30,05F0055S,05F0287S,5,0,0
2023/10/15 01:30,05F0287S,05F0309S,31,83,18
2023/10/15 01:30,05F0287S,05F0309S,32,85,11
2023/10/15 01:30,05F0287S,05F0309S,41,0,0
2023/10/15 01:30,05F0287S,05F0309S,42,0,0
2023/10/15 01:30,05F0287S,05F0309S,5,0,0
2023/10/15 01:30,05F0309S,05F0439S,31,482,19
2023/10/15 01:30,05F0309S,05F0439S,32,474,5
2023/10/15 01:30,05F0309S,05F0439S,41,546,1
2023/10/15 01:30,05F0309S,05F0439S,42,0,0
2023/10/15 01:30,05F0309S,05F0439S,5,0,0
2023/10/15 01:30,05F0439S,05F0494S,31,201,8
2023/10/15 01:30,05F0439S,05F0494S,32,202,3
2023/10/15 01:30,05F0439S,05F0494S,41,0,0
2023/10/15 01:30,05F0439S,05F0494S,42,258,1
2023/10/15 01:30,05F0439S,05F0494S,5,0,0
2023/10/15 01:35,05F0000S,05F0055S,31,232,12
2023/10/15 01:35,05F0000S,05F0055S,32,241,2
2023/10/15 01:35,05F0000S,05F0055S,41,0,0
2023/10/15 01:35,05F0000S,05F0055S,42,0,0
2023/10/15 01:35,05F0000S,05F0055S,5,0,0
2023/10/15 01:35,05F0055S,05F0287S,31,916,14
2023/10/15 01:35,05F0055S,05F0287S,32,951,9
2023/10/15 01:35,05F0055S,05F0287S,41,0,0
2023/10/15 01:35,05F0055S,05F0287S,42,0,0
2023/10/15 01:35,05F0055S,05F0287S,5,0,0
2023/10/15 01:35,05F0287S,05F0309S,31,84,8
2023/10/15 01:35,05F0287S,05F0309S,32,84,7
2023/10/15 01:35,05F0287S,05F0309S,41,0,0
2023/10/15 01:35,05F0287S,05F0309S,42,0,0
2023/10/15 01:35,05F0287S,05F0309S,5,0,0
2023/10/15 01:35,05F0309S,05F0439S,31,481,14
2023/10/15 01:35,05F0309S,05F0439S,32,490,5
2023/10/15 01:35,05F0309S,05F0439S,41,0,0
2023/10/15 01:35,05F0309S,05F0439S,42,0,0
2023/10/15 01:35,05F0309S,05F0439S,5,526,1
2023/10/15 01:35,05F0439S,05F0494S,31,186,6
2023/10/15 01:35,05F0439S,05F0494S,32,217,1
2023/10/15 01:35,05F0439S,05F0494S,41,232,1
2023/10/15 01:35,05F0439S,05F0494S,42,0,0
2023/10/15 01:35,05F0439S,05F0494S,5,223,1
2023/10/15 01:40,05F0000S,05F0055S,31,232,12
2023/10/15 01:40,05F0000S,05F0055S,32,238,8
2023/10/15 01:40,05F0000S,05F0055S,41,0,0
2023/10/15 01:40,05F0000S,05F0055S,42,0,0
2023/10/15 01:40,05F0000S,05F0055S,5,0,0
2023/10/15 01:40,05F0055S,05F0287S,31,935,22
2023/10/15 01:40,05F0055S,05F0287S,32,957,8
2023/10/15 01:40,05F0055S,05F0287S,41,0,0
2023/10/15 01:40,05F0055S,05F0287S,42,0,0
2023/10/15 01:40,05F0055S,05F0287S,5,0,0
2023/10/15 01:40,05F0287S,05F0309S,31,84,18
2023/10/15 01:40,05F0287S,05F0309S,32,82,8
2023/10/15 01:40,05F0287S,05F0309S,41,0,0
2023/10/15 01:40,05F0287S,05F0309S,42,0,0
2023/10/15 01:40,05F0287S,05F0309S,5,0,0
2023/10/15 01:40,05F0309S,05F0439S,31,459,7
2023/10/15 01:40,05F0309S,05F0439S,32,433,3
2023/10/15 01:40,05F0309S,05F0439S,41,0,0
2023/10/15 01:40,05F0309S,05F0439S,42,0,0
2023/10/15 01:40,05F0309S,05F0439S,5,0,0
2023/10/15 01:40,05F0439S,05F0494S,31,199,5
2023/10/15 01:40,05F0439S,05F0494S,32,213,2
2023/10/15 01:40,05F0439S,05F0494S,41,0,0
2023/10/15 01:40,05F0439S,05F0494S,42,0,0
2023/10/15 01:40,05F0439S,05F0494S,5,0,0
2023/10/15 01:45,05F0000S,05F0055S,31,233,18
2023/10/15 01:45,05F0000S,05F0055S,32,246,6
2023/10/15 01:45,05F0000S,05F0055S,41,0,0
2023/10/15 01:45,05F0000S,05F0055S,42,0,0
2023/10/15 01:45,05F0000S,05F0055S,5,0,0
2023/10/15 01:45,05F0055S,05F0287S,31,928,20
2023/10/15 01:45,05F0055S,05F0287S,32,961,4
2023/10/15 01:45,05F0055S,05F0287S,41,0,0
2023/10/15 01:45,05F0055S,05F0287S,42,0,0
2023/10/15 01:45,05F0055S,05F0287S,5,0,0
2023/10/15 01:45,05F0287S,05F0309S,31,87,13
2023/10/15 01:45,05F0287S,05F0309S,32,89,3
2023/10/15 01:45,05F0287S,05F0309S,41,0,0
2023/10/15 01:45,05F0287S,05F0309S,42,0,0
2023/10/15 01:45,05F0287S,05F0309S,5,0,0
2023/10/15 01:45,05F0309S,05F0439S,31,457,7
2023/10/15 01:45,05F0309S,05F0439S,32,478,6
2023/10/15 01:45,05F0309S,05F0439S,41,0,0
2023/10/15 01:45,05F0309S,05F0439S,42,0,0
2023/10/15 01:45,05F0309S,05F0439S,5,517,1
2023/10/15 01:45,05F0439S,05F0494S,31,191,7
2023/10/15 01:45,05F0439S,05F0494S,32,191,3
2023/10/15 01:45,05F0439S,05F0494S,41,0,0
2023/10/15 01:45,05F0439S,05F0494S,42,0,0
2023/10/15 01:45,05F0439S,05F0494S,5,0,0
2023/10/15 01:50,05F0000S,05F0055S,31,241,9
2023/10/15 01:50,05F0000S,05F0055S,32,224,10
2023/10/15 01:50,05F0000S,05F0055S,41,0,0
2023/10/15 01:50,05F0000S,05F0055S,42,0,0
2023/10/15 01:50,05F0000S,05F0055S,5,0,0
2023/10/15 01:50,05F0055S,05F0287S,31,934,12
2023/10/15 01:50,05F0055S,05F0287S,32,1036,5
2023/10/15 01:50,05F0055S,05F0287S,41,0,0
2023/10/15 01:50,05F0055S,05F0287S,42,0,0
2023/10/15 01:50,05F0055S,05F0287S,5,0,0
2023/10/15 01:50,05F0287S,05F0309S,31,88,10
2023/10/15 01:50,05F0287S,05F0309S,32,92,3
2023/10/15 01:50,05F0287S,05F0309S,41,0,0
2023/10/15 01:50,05F0287S,05F0309S,42,0,0
2023/10/15 01:50,05F0287S,05F0309S,5,0,0
2023/10/15 01:50,05F0309S,05F0439S,31,497,9
2023/10/15 01:50,05F0309S,05F0439S,32,534,1
2023/10/15 01:50,05F0309S,05F0439S,41,0,0
2023/10/15 01:50,05F0309S,05F0439S,42,0,0
2023/10/15 01:50,05F0309S,05F0439S,5,0,0
2023/10/15 01:50,05F0439S,05F0494S,31,193,2
2023/10/15 01:50,05F0439S,05F0494S,32,232,3
2023/10/15 01:50,05F0439S,05F0494S,41,0,0
2023/10/15 01:50,05F0439S,05F0494S,42,0,0
2023/10/15 01:50,05F0439S,05F0494S,5,219,1
2023/10/15 01:55,05F0000S,05F0055S,31,232,15
2023/10/15 01:55,05F0000S,05F0055S,32,236,4
2023/10/15 01:55,05F0000S,05F0055S,41,0,0
2023/10/15 01:55,05F0000S,05F0055S,42,0,0
2023/10/15 01:55,05F0000S,05F0055S,5,0,0
2023/10/15 01:55,05F0055S,05F0287S,31,931,15
2023/10/15 01:55,05F0055S,05F0287S,32,985,9
2023/10/15 01:55,05F0055S,05F0287S,41,0,0
2023/10/15 01:55,05F0055S,05F0287S,42,0,0
2023/10/15 01:55,05F0055S,05F0287S,5,0,0
2023/10/15 01:55,05F0287S,05F0309S,31,82,7
2023/10/15 01:55,05F0287S,05F0309S,32,86,4
2023/10/15 01:55,05F0287S,05F0309S,41,0,0
2023/10/15 01:55,05F0287S,05F0309S,42,0,0
2023/10/15 01:55,05F0287S,05F0309S,5,0,0
2023/10/15 01:55,05F0309S,05F0439S,31,478,8
2023/10/15 01:55,05F0309S,05F0439S,32,527,2
2023/10/15 01:55,05F0309S,05F0439S,41,0,0
2023/10/15 01:55,05F0309S,05F0439S,42,0,0
2023/10/15 01:55,05F0309S,05F0439S,5,0,0
2023/10/15 01:55,05F0439S,05F0494S,31,214,3
2023/10/15 01:55,05F0439S,05F0494S,32,949,1
2023/10/15 01:55,05F0439S,05F0494S,41,0,0
2023/10/15 01:55,05F0439S,05F0494S,42,0,0
2023/10/15 01:55,05F0439S,05F0494S,5,0,0
2023/10/15 02:00,05F0000S,05F0055S,31,229,10
2023/10/15 02:00,05F0000S,05F0055S,32,218,10
2023/10/15 02:00,05F0000S,05F0055S,41,0,0
2023/10/15 02:00,05F0000S,05F0055S,42,0,0
2023/10/15 02:00,05F0000S,05F0055S,5,0,0
2023/10/15 02:00,05F0055S,05F0287S,31,916,14
2023/10/15 02:00,05F0055S,05F0287S,32,900,7
2023/10/15 02:00,05F0055S,05F0287S,41,0,0
2023/10/15 02:00,05F0055S,05F0287S,42,0,0
2023/10/15 02:00,05F0055S,05F0287S,5,0,0
2023/10/15 02:00,05F0287S,05F0309S,31,85,16
2023/10/15 02:00,05F0287S,05F0309S,32,88,9
2023/10/15 02:00,05F0287S,05F0309S,41,0,0
2023/10/15 02:00,05F0287S,05F0309S,42,0,0
2023/10/15 02:00,05F0287S,05F0309S,5,0,0
2023/10/15 02:00,05F0309S,05F0439S,31,501,5
2023/10/15 02:00,05F0309S,05F0439S,32,510,2
2023/10/15 02:00,05F0309S,05F0439S,41,0,0
2023/10/15 02:00,05F0309S,05F0439S,42,0,0
2023/10/15 02:00,05F0309S,05F0439S,5,686,1
2023/10/15 02:00,05F0439S,05F0494S,31,195,1
2023/10/15 02:00,05F0439S,05F0494S,32,0,0
2023/10/15 02:00,05F0439S,05F0494S,41,0,0
2023/10/15 02:00,05F0439S,05F0494S,42,0,0
2023/10/15 02:00,05F0439S,05F0494S,5,290,1
2023/10/15 02:05,05F0000S,05F0055S,31,234,20
2023/10/15 02:05,05F0000S,05F0055S,32,248,5
2023/10/15 02:05,05F0000S,05F0055S,41,0,0
2023/10/15 02:05,05F0000S,05F0055S,42,0,0
2023/10/15 02:05,05F0000S,05F0055S,5,0,0
2023/10/15 02:05,05F0055S,05F0287S,31,946,12
2023/10/15 02:05,05F0055S,05F0287S,32,923,9
2023/10/15 02:05,05F0055S,05F0287S,41,0,0
2023/10/15 02:05,05F0055S,05F0287S,42,0,0
2023/10/15 02:05,05F0055S,05F0287S,5,0,0
2023/10/15 02:05,05F0287S,05F0309S,31,88,7
2023/10/15 02:05,05F0287S,05F0309S,32,85,7
2023/10/15 02:05,05F0287S,05F0309S,41,0,0
2023/10/15 02:05,05F0287S,05F0309S,42,0,0
2023/10/15 02:05,05F0287S,05F0309S,5,0,0
2023/10/15 02:05,05F0309S,05F0439S,31,455,8
2023/10/15 02:05,05F0309S,05F0439S,32,498,5
2023/10/15 02:05,05F0309S,05F0439S,41,0,0
2023/10/15 02:05,05F0309S,05F0439S,42,0,0
2023/10/15 02:05,05F0309S,05F0439S,5,0,0
2023/10/15 02:05,05F0439S,05F0494S,31,217,6
2023/10/15 02:05,05F0439S,05F0494S,32,203,1
2023/10/15 02:05,05F0439S,05F0494S,41,0,0
2023/10/15 02:05,05F0439S,05F0494S,42,0,0
2023/10/15 02:05,05F0439S,05F0494S,5,0,0
2023/10/15 02:10,05F0000S,05F0055S,31,226,13
2023/10/15 02:10,05F0000S,05F0055S,32,236,5
2023/10/15 02:10,05F0000S,05F0055S,41,0,0
2023/10/15 02:10,05F0000S,05F0055S,42,0,0
2023/10/15 02:10,05F0000S,05F0055S,5,0,0
2023/10/15 02:10,05F0055S,05F0287S,31,947,18
2023/10/15 02:10,05F0055S,05F0287S,32,925,8
2023/10/15 02:10,05F0055S,05F0287S,41,0,0
2023/10/15 02:10,05F0055S,05F0287S,42,0,0
2023/10/15 02:10,05F0055S,05F0287S,5,0,0
2023/10/15 02:10,05F0287S,05F0309S,31,88,16
2023/10/15 02:10,05F0287S,05F0309S,32,84,7
2023/10/15 02:10,05F0287S,05F0309S,41,0,0
2023/10/15 02:10,05F0287S,05F0309S,42,0,0
2023/10/15 02:10,05F0287S,05F0309S,5,0,0
2023/10/15 02:10,05F0309S,05F0439S,31,484,1
2023/10/15 02:10,05F0309S,05F0439S,32,502,5
2023/10/15 02:10,05F0309S,05F0439S,41,0,0
2023/10/15 02:10,05F0309S,05F0439S,42,506,1
2023/10/15 02:10,05F0309S,05F0439S,5,0,0
2023/10/15 02:10,05F0439S,05F0494S,31,216,3
2023/10/15 02:10,05F0439S,05F0494S,32,214,5
2023/10/15 02:10,05F0439S,05F0494S,41,0,0
2023/10/15 02:10,05F0439S,05F0494S,42,0,0
2023/10/15 02:10,05F0439S,05F0494S,5,0,0
2023/10/15 02:15,05F0000S,05F0055S,31,227,14
2023/10/15 02:15,05F0000S,05F0055S,32,224,5
2023/10/15 02:15,05F0000S,05F0055S,41,241,1
2023/10/15 02:15,05F0000S,05F0055S,42,0,0
2023/10/15 02:15,05F0000S,05F0055S,5,0,0
2023/10/15 02:15,05F0055S,05F0287S,31,943,9
2023/10/15 02:15,05F0055S,05F0287S,32,944,7
2023/10/15 02:15,05F0055S,05F0287S,41,0,0
2023/10/15 02:15,05F0055S,05F0287S,42,0,0
2023/10/15 02:15,05F0055S,05F0287S,5,0,0
2023/10/15 02:15,05F0287S,05F0309S,31,83,4
2023/10/15 02:15,05F0287S,05F0309S,32,85,6
2023/10/15 02:15,05F0287S,05F0309S,41,0,0
2023/10/15 02:15,05F0287S,05F0309S,42,0,0
2023/10/15 02:15,05F0287S,05F0309S,5,0,0
2023/10/15 02:15,05F0309S,05F0439S,31,480,6
2023/10/15 02:15,05F0309S,05F0439S,32,451,3
2023/10/15 02:15,05F0309S,05F0439S,41,0,0
2023/10/15 02:15,05F0309S,05F0439S,42,0,0
2023/10/15 02:15,05F0309S,05F0439S,5,0,0
2023/10/15 02:15,05F0439S,05F0494S,31,205,2
2023/10/15 02:15,05F0439S,05F0494S,32,177,1
2023/10/15 02:15,05F0439S,05F0494S,41,0,0
2023/10/15 02:15,05F0439S,05F0494S,42,207,1
2023/10/15 02:15,05F0439S,05F0494S,5,0,0
2023/10/15 02:20,05F0000S,05F0055S,31,229,19
2023/10/15 02:20,05F0000S,05F0055S,32,214,9
2023/10/15 02:20,05F0000S,05F0055S,41,0,0
2023/10/15 02:20,05F0000S,05F0055S,42,0,0
2023/10/15 02:20,05F0000S,05F0055S,5,0,0
2023/10/15 02:20,05F0055S,05F0287S,31,956,21
2023/10/15 02:20,05F0055S,05F0287S,32,897,1
2023/10/15 02:20,05F0055S,05F0287S,41,0,0
2023/10/15 02:20,05F0055S,05F0287S,42,0,0
2023/10/15 02:20,05F0055S,05F0287S,5,0,0
2023/10/15 02:20,05F0287S,05F0309S,31,82,17
2023/10/15 02:20,05F0287S,05F0309S,32,87,3
2023/10/15 02:20,05F0287S,05F0309S,41,0,0
2023/10/15 02:20,05F0287S,05F0309S,42,0,0
2023/10/15 02:20,05F0287S,05F0309S,5,0,0
2023/10/15 02:20,05F0309S,05F0439S,31,506,11
2023/10/15 02:20,05F0309S,05F0439S,32,459,4
2023/10/15 02:20,05F0309S,05F0439S,41,0,0
2023/10/15 02:20,05F0309S,05F0439S,42,0,0
2023/10/15 02:20,05F0309S,05F0439S,5,0,0
2023/10/15 02:20,05F0439S,05F0494S,31,180,1
2023/10/15 02:20,05F0439S,05F0494S,32,205,2
2023/10/15 02:20,05F0439S,05F0494S,41,0,0
2023/10/15 02:20,05F0439S,05F0494S,42,0,0
2023/10/15 02:20,05F0439S,05F0494S,5,0,0
2023/10/15 02:25,05F0000S,05F0055S,31,226,21
2023/10/15 02:25,05F0000S,05F0055S,32,250,5
2023/10/15 02:25,05F0000S,05F0055S,41,0,0
2023/10/15 02:25,05F0000S,05F0055S,42,0,0
2023/10/15 02:25,05F0000S,05F0055S,5,0,0
2023/10/15 02:25,05F0055S,05F0287S,31,923,13
2023/10/15 02:25,05F0055S,05F0287S,32,968,8
2023/10/15 02:25,05F0055S,05F0287S,41,0,0
2023/10/15 02:25,05F0055S,05F0287S,42,0,0
2023/10/15 02:25,05F0055S,05F0287S,5,0,0
2023/10/15 02:25,05F0287S,05F0309S,31,85,12
2023/10/15 02:25,05F0287S,05F0309S,32,83,7
2023/10/15 02:25,05F0287S,05F0309S,41,0,0
2023/10/15 02:25,05F0287S,05F0309S,42,0,0
2023/10/15 02:25,05F0287S,05F0309S,5,0,0
2023/10/15 02:25,05F0309S,05F0439S,31,448,6
2023/10/15 02:25,05F0309S,05F0439S,32,517,5
2023/10/15 02:25,05F0309S,05F0439S,41,0,0
2023/10/15 02:25,05F0309S,05F0439S,42,468,1
2023/10/15 02:25,05F0309S,05F0439S,5,0,0
2023/10/15 02:25,05F0439S,05F0494S,31,225,2
2023/10/15 02:25,05F0439S,05F0494S,32,0,0
2023/10/15 02:25,05F0439S,05F0494S,41,0,0
2023/10/15 02:25,05F0439S,05F0494S,42,0,0
2023/10/15 02:25,05F0439S,05F0494S,5,0,0
2023/10/15 02:30,05F0000S,05F0055S,31,230,13
2023/10/15 02:30,05F0000S,05F0055S,32,234,6
2023/10/15 02:30,05F0000S,05F0055S,41,0,0
2023/10/15 02:30,05F0000S,05F0055S,42,0,0
2023/10/15 02:30,05F0000S,05F0055S,5,0,0
2023/10/15 02:30,05F0055S,05F0287S,31,898,12
2023/10/15 02:30,05F0055S,05F0287S,32,919,5
2023/10/15 02:30,05F0055S,05F0287S,41,955,1
2023/10/15 02:30,05F0055S,05F0287S,42,0,0
2023/10/15 02:30,05F0055S,05F0287S,5,0,0
2023/10/15 02:30,05F0287S,05F0309S,31,85,9
2023/10/15 02:30,05F0287S,05F0309S,32,87,5
2023/10/15 02:30,05F0287S,05F0309S,41,88,1
2023/10/15 02:30,05F0287S,05F0309S,42,0,0
2023/10/15 02:30,05F0287S,05F0309S,5,0,0
2023/10/15 02:30,05F0309S,05F0439S,31,480,11
2023/10/15 02:30,05F0309S,05F0439S,32,0,0
2023/10/15 02:30,05F0309S,05F0439S,41,0,0
2023/10/15 02:30,05F0309S,05F0439S,42,0,0
2023/10/15 02:30,05F0309S,05F0439S,5,558,1
2023/10/15 02:30,05F0439S,05F0494S,31,207,5
2023/10/15 02:30,05F0439S,05F0494S,32,222,3
2023/10/15 02:30,05F0439S,05F0494S,41,0,0
2023/10/15 02:30,05F0439S,05F0494S,42,192,1
2023/10/15 02:30,05F0439S,05F0494S,5,235,1
2023/10/15 02:35,05F0000S,05F0055S,31,243,7
2023/10/15 02:35,05F0000S,05F0055S,32,234,5
2023/10/15 02:35,05F0000S,05F0055S,41,0,0
2023/10/15 02:35,05F0000S,05F0055S,42,0,0
2023/10/15 02:35,05F0000S,05F0055S,5,0,0
2023/10/15 02:35,05F0055S,05F0287S,31,925,23
2023/10/15 02:35,05F0055S,05F0287S,32,925,10
2023/10/15 02:35,05F0055S,05F0287S,41,0,0
2023/10/15 02:35,05F0055S,05F0287S,42,0,0
2023/10/15 02:35,05F0055S,05F0287S,5,0,0
2023/10/15 02:35,05F0287S,05F0309S,31,82,17
2023/10/15 02:35,05F0287S,05F0309S,32,87,5
2023/10/15 02:35,05F0287S,05F0309S,41,0,0
2023/10/15 02:35,05F0287S,05F0309S,42,0,0
2023/10/15 02:35,05F0287S,05F0309S,5,0,0
2023/10/15 02:35,05F0309S,05F0439S,31,486,6
2023/10/15 02:35,05F0309S,05F0439S,32,505,5
2023/10/15 02:35,05F0309S,05F0439S,41,0,0
2023/10/15 02:35,05F0309S,05F0439S,42,0,0
2023/10/15 02:35,05F0309S,05F0439S,5,0,0
2023/10/15 02:35,05F0439S,05F0494S,31,214,7
2023/10/15 02:35,05F0439S,05F0494S,32,223,2
2023/10/15 02:35,05F0439S,05F0494S,41,0,0
2023/10/15 02:35,05F0439S,05F0494S,42,0,0
2023/10/15 02:35,05F0439S,05F0494S,5,0,0
2023/10/15 02:40,05F0000S,05F0055S,31,225,10
2023/10/15 02:40,05F0000S,05F0055S,32,230,3
2023/10/15 02:40,05F0000S,05F0055S,41,1916,1
2023/10/15 02:40,05F0000S,05F0055S,42,0,0
2023/10/15 02:40,05F0000S,05F0055S,5,0,0
2023/10/15 02:40,05F0055S,05F0287S,31,922,20
2023/10/15 02:40,05F0055S,05F0287S,32,908,5
2023/10/15 02:40,05F0055S,05F0287S,41,0,0
2023/10/15 02:40,05F0055S,05F0287S,42,0,0
2023/10/15 02:40,05F0055S,05F0287S,5,0,0
2023/10/15 02:40,05F0287S,05F0309S,31,82,18
2023/10/15 02:40,05F0287S,05F0309S,32,86,3
2023/10/15 02:40,05F0287S,05F0309S,41,0,0
2023/10/15 02:40,05F0287S,05F0309S,42,0,0
2023/10/15 02:40,05F0287S,05F0309S,5,0,0
2023/10/15 02:40,05F0309S,05F0439S,31,463,6
2023/10/15 02:40,05F0309S,05F0439S,32,490,4
2023/10/15 02:40,05F0309S,05F0439S,41,496,1
2023/10/15 02:40,05F0309S,05F0439S,42,0,0
2023/10/15 02:40,05F0309S,05F0439S,5,0,0
2023/10/15 02:40,05F0439S,05F0494S,31,212,5
2023/10/15 02:40,05F0439S,05F0494S,32,204,4
2023/10/15 02:40,05F0439S,05F0494S,41,0,0
2023/10/15 02:40,05F0439S,05F0494S,42,0,0
2023/10/15 02:40,05F0439S,05F0494S,5,0,0
2023/10/15 02:45,05F0000S,05F0055S,31,243,21
2023/10/15 02:45,05F0000S,05F0055S,32,216,3
2023/10/15 02:45,05F0000S,05F0055S,41,0,0
2023/10/15 02:45,05F0000S,05F0055S,42,0,0
2023/10/15 02:45,05F0000S,05F0055S,5,0,0
2023/10/15 02:45,05F0055S,05F0287S,31,942,12
2023/10/15 02:45,05F0055S,05F0287S,32,915,6
2023/10/15 02:45,05F0055S,05F0287S,41,0,0
2023/10/15 02:45,05F0055S,05F0287S,42,0,0
2023/10/15 02:45,05F0055S,05F0287S,5,0,0
2023/10/15 02:45,05F0287S,05F0309S,31,78,9
2023/10/15 02:45,05F0287S,05F0309S,32,81,2
2023/10/15 02:45,05F0287S,05F0309S,41,0,0
2023/10/15 02:45,05F0287S,05F0309S,42,0,0
2023/10/15 02:45,05F0287S,05F0309S,5,0,0
2023/10/15 02:45,05F0309S,05F0439S,31,456,10
2023/10/15 02:45,05F0309S,05F0439S,32,0,0
2023/10/15 02:45,05F0309S,05F0439S,41,0,0
2023/10/15 02:45,05F0309S,05F0439S,42,0,0
2023/10/15 02:45,05F0309S,05F0439S,5,0,0
2023/10/15 02:45,05F0439S,05F0494S,31,219,4
2023/10/15 02:45,05F0439S,05F0494S,32,204,2
2023/10/15 02:45,05F0439S,05F0494S,41,208,1
2023/10/15 02:45,05F0439S,05F0494S,42,0,0
2023/10/15 02:45,05F0439S,05F0494S,5,0,0
2023/10/15 02:50,05F0000S,05F0055S,31,228,13
2023/10/15 02:50,05F0000S,05F0055S,32,235,5
2023/10/15 02:50,05F0000S,05F0055S,41,0,0
2023/10/15 02:50,05F0000S,05F0055S,42,0,0
2023/10/15 02:50,05F0000S,05F0055S,5,0,0
2023/10/15 02:50,05F0055S,05F0287S,31,930,8
2023/10/15 02:50,05F0055S,05F0287S,32,958,1
2023/10/15 02:50,05F0055S,05F0287S,41,0,0
2023/10/15 02:50,05F0055S,05F0287S,42,0,0
2023/10/15 02:50,05F0055S,05F0287S,5,0,0
2023/10/15 02:50,05F0287S,05F0309S,31,76,6
2023/10/15 02:50,05F0287S,05F0309S,32,82,2
2023/10/15 02:50,05F0287S,05F0309S,41,0,0
2023/10/15 02:50,05F0287S,05F0309S,42,0,0
2023/10/15 02:50,05F0287S,05F0309S,5,0,0
2023/10/15 02:50,05F0309S,05F0439S,31,476,14
2023/10/15 02:50,05F0309S,05F0439S,32,516,1
2023/10/15 02:50,05F0309S,05F0439S,41,0,0
2023/10/15 02:50,05F0309S,05F0439S,42,0,0
2023/10/15 02:50,05F0309S,05F0439S,5,0,0
2023/10/15 02:50,05F0439S,05F0494S,31,201,6
2023/10/15 02:50,05F0439S,05F0494S,32,0,0
2023/10/15 02:50,05F0439S,05F0494S,41,0,0
2023/10/15 02:50,05F0439S,05F0494S,42,0,0
2023/10/15 02:50,05F0439S,05F0494S,5,0,0
2023/10/15 02:55,05F0000S,05F0055S,31,242,15
2023/10/15 02:55,05F0000S,05F0055S,32,225,5
2023/10/15 02:55,05F0000S,05F0055S,41,0,0
2023/10/15 02:55,05F0000S,05F0055S,42,0,0
2023/10/15 02:55,05F0000S,05F0055S,5,0,0
2023/10/15 02:55,05F0055S,05F0287S,31,882,10
2023/10/15 02:55,05F0055S,05F0287S,32,931,6
2023/10/15 02:55,05F0055S,05F0287S,41,0,0
2023/10/15 02:55,05F0055S,05F0287S,42,0,0
2023/10/15 02:55,05F0055S,05F0287S,5,0,0
2023/10/15 02:55,05F0287S,05F0309S,31,85,5
2023/10/15 02:55,05F0287S,05F0309S,32,87,5
2023/10/15 02:55,05F0287S,05F0309S,41,0,0
2023/10/15 02:55,05F0287S,05F0309S,42,0,0
2023/10/15 02:55,05F0287S,05F0309S,5,0,0
2023/10/15 02:55,05F0309S,05F0439S,31,467,5
2023/10/15 02:55,05F0309S,05F0439S,32,471,5
2023/10/15 02:55,05F0309S,05F0439S,41,0,0
2023/10/15 02:55,05F0309S,05F0439S,42,0,0
2023/10/15 02:55,05F0309S,05F0439S,5,540,2
2023/10/15 02:55,05F0439S,05F0494S,31,227,4
2023/10/15 02:55,05F0439S,05F0494S,32,214,3
2023/10/15 02:55,05F0439S,05F0494S,41,0,0
2023/10/15 02:55,05F0439S,05F0494S,42,0,0
2023/10/15 02:55,05F0439S,05F0494S,5,214,1
2023/10/15 03:00,05F0000S,05F0055S,31,220,8
2023/10/15 03:00,05F0000S,05F0055S,32,240,7
2023/10/15 03:00,05F0000S,05F0055S,41,0,0
2023/10/15 03:00,05F0000S,05F0055S,42,0,0
2023/10/15 03:00,05F0000S,05F0055S,5,0,0
2023/10/15 03:00,05F0055S,05F0287S,31,965,20
2023/10/15 03:00,05F0055S,05F0287S,32,964,3
2023/10/15 03:00,05F0055S,05F0287S,41,1054,1
2023/10/15 03:00,05F0055S,05F0287S,42,0,0
2023/10/15 03:00,05F0055S,05F0287S,5,0,0
2023/10/15 03:00,05F0287S,05F0309S,31,85,16
2023/10/15 03:00,05F0287S,05F0309S,32,88,2
2023/10/15 03:00,05F0287S,05F0309S,41,97,1
2023/10/15 03:00,05F0287S,05F0309S,42,0,0
2023/10/15 03:00,05F0287S,05F0309S,5,0,0
2023/10/15 03:00,05F0309S,05F0439S,31,400,7
2023/10/15 03:00,05F0309S,05F0439S,32,450,2
2023/10/15 03:00,05F0309S,05F0439S,41,0,0
2023/10/15 03:00,05F0309S,05F0439S,42,614,1
2023/10/15 03:00,05F0309S,05F0439S,5,0,0
2023/10/15 03:00,05F0439S,05F0494S,31,161,3
2023/10/15 03:00,05F0439S,05F0494S,32,208,2
2023/10/15 03:00,05F0439S,05F0494S,41,0,0
2023/10/15 03:00,05F0439S,05F0494S,42,0,0
2023/10/15 03:00,05F0439S,05F0494S,5,228,1
2023/10/15 03:05,05F0000S,05F0055S,31,235,11
2023/10/15 03:05,05F0000S,05F0055S,32,227,7
2023/10/15 03:05,05F0000S,05F0055S,41,0,0
2023/10/15 03:05,05F0000S,05F0055S,42,0,0
2023/10/15 03:05,05F0000S,05F0055S,5,0,0
2023/10/15 03:05,05F0055S,05F0287S,31,938,14
2023/10/15 03:05,05F0055S,05F0287S,32,923,5
2023/10/15 03:05,05F0055S,05F0287S,41,0,0
2023/10/15 03:05,05F0055S,05F0287S,42,0,0
2023/10/15 03:05,05F0055S,05F0287S,5,0,0
2023/10/15 03:05,05F0287S,05F0309S,31,91,8
2023/10/15 03:05,05F0287S,05F0309S,32,91,1
2023/10/15 03:05,05F0287S,05F0309S,41,0,0
2023/10/15 03:05,05F0287S,05F0309S,42,0,0
2023/10/15 03:05,05F0287S,05F0309S,5,0,0
2023/10/15 03:05,05F0309S,05F0439S,31,479,7
2023/10/15 03:05,05F0309S,05F0439S,32,518,1
2023/10/15 03:05,05F0309S,05F0439S,41,0,0
2023/10/15 03:05,05F0309S,05F0439S,42,0,0
2023/10/15 03:05,05F0309S,05F0439S,5,0,0
2023/10/15 03:05,05F0439S,05F0494S,31,210,2
2023/10/15 03:05,05F0439S,05F0494S,32,220,1
2023/10/15 03:05,05F0439S,05F0494S,41,0,0
2023/10/15 03:05,05F0439S,05F0494S,42,241,1
2023/10/15 03:05,05F0439S,05F0494S,5,0,0
2023/10/15 03:10,05F0000S,05F0055S,31,228,14
2023/10/15 03:10,05F0000S,05F0055S,32,232,11
2023/10/15 03:10,05F0000S,05F0055S,41,0,0
2023/10/15 03:10,05F0000S,05F0055S,42,0,0
2023/10/15 03:10,05F0000S,05F0055S,5,0,0
2023/10/15 03:10,05F0055S,05F0287S,31,983,12
2023/10/15 03:10,05F0055S,05F0287S,32,933,4
2023/10/15 03:10,05F0055S,05F0287S,41,0,0
2023/10/15 03:10,05F0055S,05F0287S,42,0,0
2023/10/15 03:10,05F0055S,05F0287S,5,0,0
2023/10/15 03:10,05F0287S,05F0309S,31,87,10
2023/10/15 03:10,05F0287S,05F0309S,32,92,4
2023/10/15 03:10,05F0287S,05F0309S,41,0,0
2023/10/15 03:10,05F0287S,05F0309S,42,0,0
2023/10/15 03:10,05F0287S,05F0309S,5,0,0
2023/10/15 03:10,05F0309S,05F0439S,31,492,9
2023/10/15 03:10,05F0309S,05F0439S,32,457,5
2023/10/15 03:10,05F0309S,05F0439S,41,563,1
2023/10/15 03:10,05F0309S,05F0439S,42,0,0
2023/10/15 03:10,05F0309S,05F0439S,5,0,0
2023/10/15 03:10,05F0439S,05F0494S,31,199,4
2023/10/15 03:10,05F0439S,05F0494S,32,232,2
2023/10/15 03:10,05F0439S,05F0494S,41,0,0
2023/10/15 03:10,05F0439S,05F0494S,42,0,0
2023/10/15 03:10,05F0439S,05F0494S,5,0,0
2023/10/15 03:15,05F0000S,05F0055S,31,224,11
2023/10/15 03:15,05F0000S,05F0055S,32,235,5
2023/10/15 03:15,05F0000S,05F0055S,41,0,0
2023/10/15 03:15,05F0000S,05F0055S,42,0,0
2023/10/15 03:15,05F0000S,05F0055S,5,0,0
2023/10/15 03:15,05F0055S,05F0287S,31,939,13
2023/10/15 03:15,05F0055S,05F0287S,32,948,8
2023/10/15 03:15,05F0055S,05F0287S,41,0,0
2023/10/15 03:15,05F0055S,05F0287S,42,0,0
2023/10/15 03:15,05F0055S,05F0287S,5,0,0
2023/10/15 03:15,05F0287S,05F0309S,31,84,12
2023/10/15 03:15,05F0287S,05F0309S,32,84,4
2023/10/15 03:15,05F0287S,05F0309S,41,0,0
2023/10/15 03:15,05F0287S,05F0309S,42,0,0
2023/10/15 03:15,05F0287S,05F0309S,5,0,0
2023/10/15 03:15,05F0309S,05F0439S,31,483,11
2023/10/15 03:15,05F0309S,05F0439S,32,527,3
2023/10/15 03:15,05F0309S,05F0439S,41,0,0
2023/10/15 03:15,05F0309S,05F0439S,42,0,0
2023/10/15 03:15,05F0309S,05F0439S,5,0,0
2023/10/15 03:15,05F0439S,05F0494S,31,211,5
2023/10/15 03:15,05F0439S,05F0494S,32,212,1
2023/10/15 03:15,05F0439S,05F0494S,41,0,0
2023/10/15 03:15,05F0439S,05F0494S,42,0,0
2023/10/15 03:15,05F0439S,05F0494S,5,0,0
2023/10/15 03:20,05F0000S,05F0055S,31,233,12
2023/10/15 03:20,05F0000S,05F0055S,32,250,4
2023/10/15 03:20,05F0000S,05F0055S,41,0,0
2023/10/15 03:20,05F0000S,05F0055S,42,0,0
2023/10/15 03:20,05F0000S,05F0055S,5,0,0
2023/10/15 03:20,05F0055S,05F0287S,31,936,14
2023/10/15 03:20,05F0055S,05F0287S,32,941,8
2023/10/15 03:20,05F0055S,05F0287S,41,0,0
2023/10/15 03:20,05F0055S,05F0287S,42,0,0
2023/10/15 03:20,05F0055S,05F0287S,5,0,0
2023/10/15 03:20,05F0287S,05F0309S,31,83,5
2023/10/15 03:20,05F0287S,05F0309S,32,87,7
2023/10/15 03:20,05F0287S,05F0309S,41,0,0
2023/10/15 03:20,05F0287S,05F0309S,42,0,0
2023/10/15 03:20,05F0287S,05F0309S,5,0,0
2023/10/15 03:20,05F0309S,05F0439S,31,489,11
2023/10/15 03:20,05F0309S,05F0439S,32,494,3
2023/10/15 03:20,05F0309S,05F0439S,41,0,0
2023/10/15 03:20,05F0309S,05F0439S,42,0,0
2023/10/15 03:20,05F0309S,05F0439S,5,0,0
2023/10/15 03:20,05F0439S,05F0494S,31,211,3
2023/10/15 03:20,05F0439S,05F0494S,32,216,2
2023/10/15 03:20,05F0439S,05F0494S,41,0,0
2023/10/15 03:20,05F0439S,05F0494S,42,0,0
2023/10/15 03:20,05F0439S,05F0494S,5,0,0
2023/10/15 03:25,05F0000S,05F0055S,31,228,14
2023/10/15 03:25,05F0000S,05F0055S,32,232,3
2023/10/15 03:25,05F0000S,05F0055S,41,0,0
2023/10/15 03:25,05F0000S,05F0055S,42,0,0
2023/10/15 03:25,05F0000S,05F0055S,5,0,0
2023/10/15 03:25,05F0055S,05F0287S,31,919,11
2023/10/15 03:25,05F0055S,05F0287S,32,921,11
2023/10/15 03:25,05F0055S,05F0287S,41,0,0
2023/10/15 03:25,05F0055S,05F0287S,42,0,0
2023/10/15 03:25,05F0055S,05F0287S,5,0,0
2023/10/15 03:25,05F0287S,05F0309S,31,82,9
2023/10/15 03:25,05F0287S,05F0309S,32,81,5
2023/10/15 03:25,05F0287S,05F0309S,41,0,0
2023/10/15 03:25,05F0287S,05F0309S,42,0,0
2023/10/15 03:25,05F0287S,05F0309S,5,0,0
2023/10/15 03:25,05F0309S,05F0439S,31,486,5
2023/10/15 03:25,05F0309S,05F0439S,32,456,1
2023/10/15 03:25,05F0309S,05F0439S,41,0,0
2023/10/15 03:25,05F0309S,05F0439S,42,0,0
2023/10/15 03:25,05F0309S,05F0439S,5,0,0
2023/10/15 03:25,05F0439S,05F0494S,31,213,5
2023/10/15 03:25,05F0439S,05F0494S,32,209,2
2023/10/15 03:25,05F0439S,05F0494S,41,0,0
2023/10/15 03:25,05F0439S,05F0494S,42,0,0
2023/10/15 03:25,05F0439S,05F0494S,5,0,0
2023/10/15 03:30,05F0000S,05F0055S,31,232,15
2023/10/15 03:30,05F0000S,05F0055S,32,206,5
2023/10/15 03:30,05F0000S,05F0055S,41,0,0
2023/10/15 03:30,05F0000S,05F0055S,42,0,0
2023/10/15 03:30,05F0000S,05F0055S,5,0,0
2023/10/15 03:30,05F0055S,05F0287S,31,935,15
2023/10/15 03:30,05F0055S,05F0287S,32,966,5
2023/10/15 03:30,05F0055S,05F0287S,41,0,0
2023/10/15 03:30,05F0055S,05F0287S,42,0,0
2023/10/15 03:30,05F0055S,05F0287S,5,0,0
2023/10/15 03:30,05F0287S,05F0309S,31,86,11
2023/10/15 03:30,05F0287S,05F0309S,32,90,6
2023/10/15 03:30,05F0287S,05F0309S,41,0,0
2023/10/15 03:30,05F0287S,05F0309S,42,0,0
2023/10/15 03:30,05F0287S,05F0309S,5,0,0
2023/10/15 03:30,05F0309S,05F0439S,31,447,7
2023/10/15 03:30,05F0309S,05F0439S,32,504,6
2023/10/15 03:30,05F0309S,05F0439S,41,0,0
2023/10/15 03:30,05F0309S,05F0439S,42,0,0
2023/10/15 03:30,05F0309S,05F0439S,5,0,0
2023/10/15 03:30,05F0439S,05F0494S,31,207,2
2023/10/15 03:30,05F0439S,05F0494S,32,202,2
2023/10/15 03:30,05F0439S,05F0494S,41,0,0
2023/10/15 03:30,05F0439S,05F0494S,42,0,0
2023/10/15 03:30,05F0439S,05F0494S,5,0,0
2023/10/15 03:35,05F0000S,05F0055S,31,234,10
2023/10/15 03:35,05F0000S,05F0055S,32,232,9
2023/10/15 03:35,05F0000S,05F0055S,41,0,0
2023/10/15 03:35,05F0000S,05F0055S,42,0,0
2023/10/15 03:35,05F0000S,05F0055S,5,0,0
2023/10/15 03:35,05F0055S,05F0287S,31,936,8
2023/10/15 03:35,05F0055S,05F0287S,32,982,4
2023/10/15 03:35,05F0055S,05F0287S,41,0,0
2023/10/15 03:35,05F0055S,05F0287S,42,0,0
2023/10/15 03:35,05F0055S,05F0287S,5,0,0
2023/10/15 03:35,05F0287S,05F0309S,31,83,8
2023/10/15 03:35,05F0287S,05F0309S,32,89,5
2023/10/15 03:35,05F0287S,05F0309S,41,0,0
2023/10/15 03:35,05F0287S,05F0309S,42,0,0
2023/10/15 03:35,05F0287S,05F0309S,5,0,0
2023/10/15 03:35,05F0309S,05F0439S,31,474,5
2023/10/15 03:35,05F0309S,05F0439S,32,507,4
2023/10/15 03:35,05F0309S,05F0439S,41,0,0
2023/10/15 03:35,05F0309S,05F0439S,42,543,1
2023/10/15 03:35,05F0309S,05F0439S,5,0,0
2023/10/15 03:35,05F0439S,05F0494S,31,197,5
2023/10/15 03:35,05F0439S,05F0494S,32,221,3
2023/10/15 03:35,05F0439S,05F0494S,41,0,0
2023/10/15 03:35,05F0439S,05F0494S,42,216,1
2023/10/15 03:35,05F0439S,05F0494S,5,0,0
2023/10/15 03:40,05F0000S,05F0055S,31,225,11
2023/10/15 03:40,05F0000S,05F0055S,32,221,2
2023/10/15 03:40,05F0000S,05F0055S,41,0,0
2023/10/15 03:40,05F0000S,05F0055S,42,0,0
2023/10/15 03:40,05F0000S,05F0055S,5,0,0
2023/10/15 03:40,05F0055S,05F0287S,31,922,13
2023/10/15 03:40,05F0055S,05F0287S,32,917,5
2023/10/15 03:40,05F0055S,05F0287S,41,0,0
2023/10/15 03:40,05F0055S,05F0287S,42,0,0
2023/10/15 03:40,05F0055S,05F0287S,5,0,0
2023/10/15 03:40,05F0287S,05F0309S,31,84,10
2023/10/15 03:40,05F0287S,05F0309S,32,88,3
2023/10/15 03:40,05F0287S,05F0309S,41,0,0
2023/10/15 03:40,05F0287S,05F0309S,42,0,0
2023/10/15 03:40,05F0287S,05F0309S,5,0,0
2023/10/15 03:40,05F0309S,05F0439S,31,486,9
2023/10/15 03:40,05F0309S,05F0439S,32,484,5
2023/10/15 03:40,05F0309S,05F0439S,41,0,0
2023/10/15 03:40,05F0309S,05F0439S,42,0,0
2023/10/15 03:40,05F0309S,05F0439S,5,0,0
2023/10/15 03:40,05F0439S,05F0494S,31,202,5
2023/10/15 03:40,05F0439S,05F0494S,32,216,5
2023/10/15 03:40,05F0439S,05F0494S,41,0,0
2023/10/15 03:40,05F0439S,05F0494S,42,0,0
2023/10/15 03:40,05F0439S,05F0494S,5,0,0
2023/10/15 03:45,05F0000S,05F0055S,31,235,20
2023/10/15 03:45,05F0000S,05F0055S,32,240,7
2023/10/15 03:45,05F0000S,05F0055S,41,0,0
2023/10/15 03:45,05F0000S,05F0055S,42,0,0
2023/10/15 03:45,05F0000S,05F0055S,5,0,0
2023/10/15 03:45,05F0055S,05F0287S,31,953,19
2023/10/15 03:45,05F0055S,05F0287S,32,890,6
2023/10/15 03:45,05F0055S,05F0287S,41,0,0
2023/10/15 03:45,05F0055S,05F0287S,42,0,0
2023/10/15 03:45,05F0055S,05F0287S,5,0,0
2023/10/15 03:45,05F0287S,05F0309S,31,89,12
2023/10/15 03:45,05F0287S,05F0309S,32,77,5
2023/10/15 03:45,05F0287S,05F0309S,41,0,0
2023/10/15 03:45,05F0287S,05F0309S,42,0,0
2023/10/15 03:45,05F0287S,05F0309S,5,0,0
2023/10/15 03:45,05F0309S,05F0439S,31,436,4
2023/10/15 03:45,05F0309S,05F0439S,32,528,1
2023/10/15 03:45,05F0309S,05F0439S,41,0,0
2023/10/15 03:45,05F0309S,05F0439S,42,544,1
2023/10/15 03:45,05F0309S,05F0439S,5,493,1
2023/10/15 03:45,05F0439S,05F0494S,31,187,4
2023/10/15 03:45,05F0439S,05F0494S,32,0,0
2023/10/15 03:45,05F0439S,05F0494S,41,0,0
2023/10/15 03:45,05F0439S,05F0494S,42,0,0
2023/10/15 03:45,05F0439S,05F0494S,5,0,0
2023/10/15 03:50,05F0000S,05F0055S,31,228,18
2023/10/15 03:50,05F0000S,05F0055S,32,227,9
2023/10/15 03:50,05F0000S,05F0055S,41,0,0
2023/10/15 03:50,05F0000S,05F0055S,42,0,0
2023/10/15 03:50,05F0000S,05F0055S,5,0,0
2023/10/15 03:50,05F0055S,05F0287S,31,942,10
2023/10/15 03:50,05F0055S,05F0287S,32,883,9
2023/10/15 03:50,05F0055S,05F0287S,41,0,0
2023/10/15 03:50,05F0055S,05F0287S,42,0,0
2023/10/15 03:50,05F0055S,05F0287S,5,0,0
2023/10/15 03:50,05F0287S,05F0309S,31,86,9
2023/10/15 03:50,05F0287S,05F0309S,32,83,6
2023/10/15 03:50,05F0287S,05F0309S,41,0,0
2023/10/15 03:50,05F0287S,05F0309S,42,0,0
2023/10/15 03:50,05F0287S,05F0309S,5,0,0
2023/10/15 03:50,05F0309S,05F0439S,31,469,11
2023/10/15 03:50,05F0309S,05F0439S,32,420,3
2023/10/15 03:50,05F0309S,05F0439S,41,0,0
2023/10/15 03:50,05F0309S,05F0439S,42,0,0
2023/10/15 03:50,05F0309S,05F0439S,5,0,0
2023/10/15 03:50,05F0439S,05F0494S,31,190,4
2023/10/15 03:50,05F0439S,05F0494S,32,213,3
2023/10/15 03:50,05F0439S,05F0494S,41,0,0
2023/10/15 03:50,05F0439S,05F0494S,42,0,0
2023/10/15 03:50,05F0439S,05F0494S,5,209,1
2023/10/15 03:55,05F0000S,05F0055S,31,243,21
2023/10/15 03:55,05F0000S,05F0055S,32,239,11
2023/10/15 03:55,05F0000S,05F0055S,41,0,0
2023/10/15 03:55,05F0000S,05F0055S,42,0,0
2023/10/15 03:55,05F0000S,05F0055S,5,0,0
2023/10/15 03:55,05F0055S,05F0287S,31,940,12
2023/10/15 03:55,05F0055S,05F0287S,32,974,3
2023/10/15 03:55,05F0055S,05F0287S,41,0,0
2023/10/15 03:55,05F0055S,05F0287S,42,0,0
2023/10/15 03:55,05F0055S,05F0287S,5,0,0
2023/10/15 03:55,05F0287S,05F0309S,31,86,10
2023/10/15 03:55,05F0287S,05F0309S,32,96,4
2023/10/15 03:55,05F0287S,05F0309S,41,0,0
2023/10/15 03:55,05F0287S,05F0309S,42,0,0
2023/10/15 03:55,05F0287S,05F0309S,5,0,0
2023/10/15 03:55,05F0309S,05F0439S,31,497,10
2023/10/15 03:55,05F0309S,05F0439S,32,559,2
2023/10/15 03:55,05F0309S,05F0439S,41,0,0
2023/10/15 03:55,05F0309S,05F0439S,42,509,1
2023/10/15 03:55,05F0309S,05F0439S,5,0,0
2023/10/15 03:55,05F0439S,05F0494S,31,193,6
2023/10/15 03:55,05F0439S,05F0494S,32,167,2
2023/10/15 03:55,05F0439S,05F0494S,41,0,0
2023/10/15 03:55,05F0439S,05F0494S,42,0,0
2023/10/15 03:55,05F0439S,05F0494S,5,0,0
2023/10/15 04:00,05F0000S,05F0055S,31,235,20
2023/10/15 04:00,05F0000S,05F0055S,32,237,5
2023/10/15 04:00,05F0000S,05F0055S,41,0,0
2023/10/15 04:00,05F0000S,05F0055S,42,0,0
2023/10/15 04:00,05F0000S,05F0055S,5,0,0
2023/10/15 04:00,05F0055S,05F0287S,31,960,24
2023/10/15 04:00,05F0055S,05F0287S,32,961,8
2023/10/15 04:00,05F0055S,05F0287S,41,0,0
2023/10/15 04:00,05F0055S,05F0287S,42,0,0
2023/10/15 04:00,05F0055S,05F0287S,5,0,0
2023/10/15 04:00,05F0287S,05F0309S,31,87,14
2023/10/15 04:00,05F0287S,05F0309S,32,94,5
2023/10/15 04:00,05F0287S,05F0309S,41,0,0
2023/10/15 04:00,05F0287S,05F0309S,42,0,0
2023/10/15 04:00,05F0287S,05F0309S,5,0,0
2023/10/15 04:00,05F0309S,05F0439S,31,476,3
2023/10/15 04:00,05F0309S,05F0439S,32,482,4
2023/10/15 04:00,05F0309S,05F0439S,41,0,0
2023/10/15 04:00,05F0309S,05F0439S,42,0,0
2023/10/15 04:00,05F0309S,05F0439S,5,0,0
2023/10/15 04:00,05F0439S,05F0494S,31,205,2
2023/10/15 04:00,05F0439S,05F0494S,32,170,1
2023/10/15 04:00,05F0439S,05F0494S,41,0,0
2023/10/15 04:00,05F0439S,05F0494S,42,209,1
2023/10/15 04:00,05F0439S,05F0494S,5,0,0
2023/10/15 04:05,05F0000S,05F0055S,31,221,13
2023/10/15 04:05,05F0000S,05F0055S,32,231,10
2023/10/15 04:05,05F0000S,05F0055S,41,0,0
2023/10/15 04:05,05F0000S,05F0055S,42,0,0
2023/10/15 04:05,05F0000S,05F0055S,5,0,0
2023/10/15 04:05,05F0055S,05F0287S,31,921,20
2023/10/15 04:05,05F0055S,05F0287S,32,923,11
2023/10/15 04:05,05F0055S,05F0287S,41,0,0
2023/10/15 04:05,05F0055S,05F0287S,42,0,0
2023/10/15 04:05,05F0055S,05F0287S,5,0,0
2023/10/15 04:05,05F0287S,05F0309S,31,83,16
2023/10/15 04:05,05F0287S,05F0309S,32,87,11
2023/10/15 04:05,05F0287S,05F0309S,41,0,0
2023/10/15 04:05,05F0287S,05F0309S,42,0,0
2023/10/15 04:05,05F0287S,05F0309S,5,0,0
2023/10/15 04:05,05F0309S,05F0439S,31,463,10
2023/10/15 04:05,05F0309S,05F0439S,32,478,1
2023/10/15 04:05,05F0309S,05F0439S,41,0,0
2023/10/15 04:05,05F0309S,05F0439S,42,0,0
2023/10/15 04:05,05F0309S,05F0439S,5,528,2
2023/10/15 04:05,05F0439S,05F0494S,31,181,3
2023/10/15 04:05,05F0439S,05F0494S,32,231,1
2023/10/15 04:05,05F0439S,05F0494S,41,0,0
2023/10/15 04:05,05F0439S,05F0494S,42,0,0
2023/10/15 04:05,05F0439S,05F0494S,5,0,0
2023/10/15 04:10,05F0000S,05F0055S,31,231,19
2023/10/15 04:10,05F0000S,05F0055S,32,220,9
2023/10/15 04:10,05F0000S,05F0055S,41,270,1
2023/10/15 04:10,05F0000S,05F0055S,42,0,0
2023/10/15 04:10,05F0000S,05F0055S,5,0,0
2023/10/15 04:10,05F0055S,05F0287S,31,939,16
2023/10/15 04:10,05F0055S,05F0287S,32,932,7
2023/10/15 04:10,05F0055S,05F0287S,41,0,0
2023/10/15 04:10,05F0055S,05F0287S,42,0,0
2023/10/15 04:10,05F0055S,05F0287S,5,0,0
2023/10/15 04:10,05F0287S,05F0309S,31,84,8
2023/10/15 04:10,05F0287S,05F0309S,32,91,5
2023/10/15 04:10,05F0287S,05F0309S,41,0,0
2023/10/15 04:10,05F0287S,05F0309S,42,0,0
2023/10/15 04:10,05F0287S,05F0309S,5,0,0
2023/10/15 04:10,05F0309S,05F0439S,31,485,20
2023/10/15 04:10,05F0309S,05F0439S,32,511,5
2023/10/15 04:10,05F0309S,05F0439S,41,0,0
2023/10/15 04:10,05F0309S,05F0439S,42,0,0
2023/10/15 04:10,05F0309S,05F0439S,5,0,0
2023/10/15 04:10,05F0439S,05F0494S,31,212,5
2023/10/15 04:10,05F0439S,05F0494S,32,202,1
2023/10/15 04:10,05F0439S,05F0494S,41,0,0
2023/10/15 04:10,05F0439S,05F0494S,42,0,0
2023/10/15 04:10,05F0439S,05F0494S,5,224,2
2023/10/15 04:15,05F0000S,05F0055S,31,232,26
2023/10/15 04:15,05F0000S,05F0055S,32,230,8
2023/10/15 04:15,05F0000S,05F0055S,41,0,0
2023/10/15 04:15,05F0000S,05F0055S,42,0,0
2023/10/15 04:15,05F0000S,05F0055S,5,0,0
2023/10/15 04:15,05F0055S,05F0287S,31,961,20
2023/10/15 04:15,05F0055S,05F0287S,32,968,8
2023/10/15 04:15,05F0055S,05F0287S,41,0,0
2023/10/15 04:15,05F0055S,05F0287S,42,0,0
2023/10/15 04:15,05F0055S,05F0287S,5,0,0
2023/10/15 04:15,05F0287S,05F0309S,31,87,14
2023/10/15 04:15,05F0287S,05F0309S,32,88,8
2023/10/15 04:15,05F0287S,05F0309S,41,0,0
2023/10/15 04:15,05F0287S,05F0309S,42,0,0
2023/10/15 04:15,05F0287S,05F0309S,5,0,0
2023/10/15 04:15,05F0309S,05F0439S,31,487,8
2023/10/15 04:15,05F0309S,05F0439S,32,454,4
2023/10/15 04:15,05F0309S,05F0439S,41,0,0
2023/10/15 04:15,05F0309S,05F0439S,42,0,0
2023/10/15 04:15,05F0309S,05F0439S,5,576,1
2023/10/15 04:15,05F0439S,05F0494S,31,199,6
2023/10/15 04:15,05F0439S,05F0494S,32,184,5
2023/10/15 04:15,05F0439S,05F0494S,41,0,0
2023/10/15 04:15,05F0439S,05F0494S,42,211,2
2023/10/15 04:15,05F0439S,05F0494S,5,0,0
2023/10/15 04:20,05F0000S,05F0055S,31,230,24
2023/10/15 04:20,05F0000S,05F0055S,32,231,9
2023/10/15 04:20,05F0000S,05F0055S,41,0,0
2023/10/15 04:20,05F0000S,05F0055S,42,0,0
2023/10/15 04:20,05F0000S,05F0055S,5,0,0
2023/10/15 04:20,05F0055S,05F0287S,31,926,14
2023/10/15 04:20,05F0055S,05F0287S,32,937,10
2023/10/15 04:20,05F0055S,05F0287S,41,0,0
2023/10/15 04:20,05F0055S,05F0287S,42,0,0
2023/10/15 04:20,05F0055S,05F0287S,5,0,0
2023/10/15 04:20,05F0287S,05F0309S,31,85,15
2023/10/15 04:20,05F0287S,05F0309S,32,93,6
2023/10/15 04:20,05F0287S,05F0309S,41,0,0
2023/10/15 04:20,05F0287S,05F0309S,42,0,0
2023/10/15 04:20,05F0287S,05F0309S,5,0,0
2023/10/15 04:20,05F0309S,05F0439S,31,483,8
2023/10/15 04:20,05F0309S,05F0439S,32,506,7
2023/10/15 04:20,05F0309S,05F0439S,41,0,0
2023/10/15 04:20,05F0309S,05F0439S,42,0,0
2023/10/15 04:20,05F0309S,05F0439S,5,602,1
2023/10/15 04:20,05F0439S,05F0494S,31,206,2
2023/10/15 04:20,05F0439S,05F0494S,32,211,1
2023/10/15 04:20,05F0439S,05F0494S,41,0,0
2023/10/15 04:20,05F0439S,05F0494S,42,0,0
2023/10/15 04:20,05F0439S,05F0494S,5,247,1
2023/10/15 04:25,05F0000S,05F0055S,31,242,34
2023/10/15 04:25,05F0000S,05F0055S,32,240,10
2023/10/15 04:25,05F0000S,05F0055S,41,0,0
2023/10/15 04:25,05F0000S,05F0055S,42,0,0
2023/10/15 04:25,05F0000S,05F0055S,5,0,0
2023/10/15 04:25,05F0055S,05F0287S,31,949,19
2023/10/15 04:25,05F0055S,05F0287S,32,928,8
2023/10/15 04:25,05F0055S,05F0287S,41,1070,1
2023/10/15 04:25,05F0055S,05F0287S,42,0,0
2023/10/15 04:25,05F0055S,05F0287S,5,0,0
2023/10/15 04:25,05F0287S,05F0309S,31,84,17
2023/10/15 04:25,05F0287S,05F0309S,32,85,9
2023/10/15 04:25,05F0287S,05F0309S,41,0,0
2023/10/15 04:25,05F0287S,05F0309S,42,0,0
2023/10/15 04:25,05F0287S,05F0309S,5,0,0
2023/10/15 04:25,05F0309S,05F0439S,31,481,14
2023/10/15 04:25,05F0309S,05F0439S,32,502,6
2023/10/15 04:25,05F0309S,05F0439S,41,0,0
2023/10/15 04:25,05F0309S,05F0439S,42,0,0
2023/10/15 04:25,05F0309S,05F0439S,5,0,0
2023/10/15 04:25,05F0439S,05F0494S,31,185,2
2023/10/15 04:25,05F0439S,05F0494S,32,211,6
2023/10/15 04:25,05F0439S,05F0494S,41,0,0
2023/10/15 04:25,05F0439S,05F0494S,42,0,0
2023/10/15 04:25,05F0439S,05F0494S,5,0,0
2023/10/15 04:30,05F0000S,05F0055S,31,230,20
2023/10/15 04:30,05F0000S,05F0055S,32,237,11
2023/10/15 04:30,05F0000S,05F0055S,41,1316,1
2023/10/15 04:30,05F0000S,05F0055S,42,0,0
2023/10/15 04:30,05F0000S,05F0055S,5,0,0
2023/10/15 04:30,05F0055S,05F0287S,31,949,27
2023/10/15 04:30,05F0055S,05F0287S,32,922,10
2023/10/15 04:30,05F0055S,05F0287S,41,0,0
2023/10/15 04:30,05F0055S,05F0287S,42,0,0
2023/10/15 04:30,05F0055S,05F0287S,5,0,0
2023/10/15 04:30,05F0287S,05F0309S,31,85,13
2023/10/15 04:30,05F0287S,05F0309S,32,85,7
2023/10/15 04:30,05F0287S,05F0309S,41,101,1
2023/10/15 04:30,05F0287S,05F0309S,42,0,0
2023/10/15 04:30,05F0287S,05F0309S,5,0,0
2023/10/15 04:30,05F0309S,05F0439S,31,462,9
2023/10/15 04:30,05F0309S,05F0439S,32,480,1
2023/10/15 04:30,05F0309S,05F0439S,41,0,0
2023/10/15 04:30,05F0309S,05F0439S,42,0,0
2023/10/15 04:30,05F0309S,05F0439S,5,504,1
2023/10/15 04:30,05F0439S,05F0494S,31,173,3
2023/10/15 04:30,05F0439S,05F0494S,32,206,3
2023/10/15 04:30,05F0439S,05F0494S,41,0,0
2023/10/15 04:30,05F0439S,05F0494S,42,0,0
2023/10/15 04:30,05F0439S,05F0494S,5,0,0
2023/10/15 04:35,05F0000S,05F0055S,31,228,28
2023/10/15 04:35,05F0000S,05F0055S,32,241,11
2023/10/15 04:35,05F0000S,05F0055S,41,247,1
2023/10/15 04:35,05F0000S,05F0055S,42,0,0
2023/10/15 04:35,05F0000S,05F0055S,5,0,0
2023/10/15 04:35,05F0055S,05F0287S,31,945,28
2023/10/15 04:35,05F0055S,05F0287S,32,930,8
2023/10/15 04:35,05F0055S,05F0287S,41,0,0
2023/10/15 04:35,05F0055S,05F0287S,42,0,0
2023/10/15 04:35,05F0055S,05F0287S,5,0,0
2023/10/15 04:35,05F0287S,05F0309S,31,80,23
2023/10/15 04:35,05F0287S,05F0309S,32,83,8
2023/10/15 04:35,05F0287S,05F0309S,41,0,0
2023/10/15 04:35,05F0287S,05F0309S,42,0,0
2023/10/15 04:35,05F0287S,05F0309S,5,0,0
2023/10/15 04:35,05F0309S,05F0439S,31,481,14
2023/10/15 04:35,05F0309S,05F0439S,32,480,4
2023/10/15 04:35,05F0309S,05F0439S,41,0,0
2023/10/15 04:35,05F0309S,05F0439S,42,0,0
2023/10/15 04:35,05F0309S,05F0439S,5,0,0
2023/10/15 04:35,05F0439S,05F0494S,31,200,5
2023/10/15 04:35,05F0439S,05F0494S,32,224,1
2023/10/15 04:35,05F0439S,05F0494S,41,0,0
2023/10/15 04:35,05F0439S,05F0494S,42,0,0
2023/10/15 04:35,05F0439S,05F0494S,5,211,1
2023/10/15 04:40,05F0000S,05F0055S,31,236,28
2023/10/15 04:40,05F0000S,05F0055S,32,231,13
2023/10/15 04:40,05F0000S,05F0055S,41,0,0
2023/10/15 04:40,05F0000S,05F0055S,42,0,0
2023/10/15 04:40,05F0000S,05F0055S,5,0,0
2023/10/15 04:40,05F0055S,05F0287S,31,977,35
2023/10/15 04:40,05F0055S,05F0287S,32,985,12
2023/10/15 04:40,05F0055S,05F0287S,41,0,0
2023/10/15 04:40,05F0055S,05F0287S,42,0,0
2023/10/15 04:40,05F0055S,05F0287S,5,0,0
2023/10/15 04:40,05F0287S,05F0309S,31,84,19
2023/10/15 04:40,05F0287S,05F0309S,32,89,7
2023/10/15 04:40,05F0287S,05F0309S,41,0,0
2023/10/15 04:40,05F0287S,05F0309S,42,0,0
2023/10/15 04:40,05F0287S,05F0309S,5,0,0
2023/10/15 04:40,05F0309S,05F0439S,31,474,19
2023/10/15 04:40,05F0309S,05F0439S,32,487,6
2023/10/15 04:40,05F0309S,05F0439S,41,592,1
2023/10/15 04:40,05F0309S,05F0439S,42,0,0
2023/10/15 04:40,05F0309S,05F0439S,5,526,1
2023/10/15 04:40,05F0439S,05F0494S,31,233,3
2023/10/15 04:40,05F0439S,05F0494S,32,204,2
2023/10/15 04:40,05F0439S,05F0494S,41,0,0
2023/10/15 04:40,05F0439S,05F0494S,42,0,0
2023/10/15 04:40,05F0439S,05F0494S,5,0,0
2023/10/15 04:45,05F0000S,05F0055S,31,230,25
2023/10/15 04:45,05F0000S,05F0055S,32,239,10
2023/10/15 04:45,05F0000S,05F0055S,41,0,0
2023/10/15 04:45,05F0000S,05F0055S,42,0,0
2023/10/15 04:45,05F0000S,05F0055S,5,0,0
2023/10/15 04:45,05F0055S,05F0287S,31,931,21
2023/10/15 04:45,05F0055S,05F0287S,32,953,13
2023/10/15 04:45,05F0055S,05F0287S,41,0,0
2023/10/15 04:45,05F0055S,05F0287S,42,0,0
2023/10/15 04:45,05F0055S,05F0287S,5,0,0
2023/10/15 04:45,05F0287S,05F0309S,31,83,21
2023/10/15 04:45,05F0287S,05F0309S,32,90,7
2023/10/15 04:45,05F0287S,05F0309S,41,0,0
2023/10/15 04:45,05F0287S,05F0309S,42,0,0
2023/10/15 04:45,05F0287S,05F0309S,5,0,0
2023/10/15 04:45,05F0309S,05F0439S,31,465,16
2023/10/15 04:45,05F0309S,05F0439S,32,498,5
2023/10/15 04:45,05F0309S,05F0439S,41,0,0
2023/10/15 04:45,05F0309S,05F0439S,42,0,0
2023/10/15 04:45,05F0309S,05F0439S,5,0,0
2023/10/15 04:45,05F0439S,05F0494S,31,201,11
2023/10/15 04:45,05F0439S,05F0494S,32,214,3
2023/10/15 04:45,05F0439S,05F0494S,41,0,0
2023/10/15 04:45,05F0439S,05F0494S,42,0,0
2023/10/15 04:45,05F0439S,05F0494S,5,226,1
2023/10/15 04:50,05F0000S,05F0055S,31,222,29
2023/10/15 04:50,05F0000S,05F0055S,32,232,16
2023/10/15 04:50,05F0000S,05F0055S,41,0,0
2023/10/15 04:50,05F0000S,05F0055S,42,0,0
2023/10/15 04:50,05F0000S,05F0055S,5,0,0
2023/10/15 04:50,05F0055S,05F0287S,31,934,26
2023/10/15 04:50,05F0055S,05F0287S,32,956,9
2023/10/15 04:50,05F0055S,05F0287S,41,1019,1
2023/10/15 04:50,05F0055S,05F0287S,42,0,0
2023/10/15 04:50,05F0055S,05F0287S,5,0,0
2023/10/15 04:50,05F0287S,05F0309S,31,79,13
2023/10/15 04:50,05F0287S,05F0309S,32,87,3
2023/10/15 04:50,05F0287S,05F0309S,41,89,1
2023/10/15 04:50,05F0287S,05F0309S,42,0,0
2023/10/15 04:50,05F0287S,05F0309S,5,0,0
2023/10/15 04:50,05F0309S,05F0439S,31,490,17
2023/10/15 04:50,05F0309S,05F0439S,32,489,6
2023/10/15 04:50,05F0309S,05F0439S,41,0,0
2023/10/15 04:50,05F0309S,05F0439S,42,0,0
2023/10/15 04:50,05F0309S,05F0439S,5,0,0
2023/10/15 04:50,05F0439S,05F0494S,31,197,5
2023/10/15 04:50,05F0439S,05F0494S,32,0,0
2023/10/15 04:50,05F0439S,05F0494S,41,0,0
2023/10/15 04:50,05F0439S,05F0494S,42,0,0
2023/10/15 04:50,05F0439S,05F0494S,5,0,0
2023/10/15 04:55,05F0000S,05F0055S,31,228,26
2023/10/15 04:55,05F0000S,05F0055S,32,232,11
2023/10/15 04:55,05F0000S,05F0055S,41,257,1
2023/10/15 04:55,05F0000S,05F0055S,42,0,0
2023/10/15 04:55,05F0000S,05F0055S,5,0,0
2023/10/15 04:55,05F0055S,05F0287S,31,962,31
2023/10/15 04:55,05F0055S,05F0287S,32,964,12
2023/10/15 04:55,05F0055S,05F0287S,41,1011,1
2023/10/15 04:55,05F0055S,05F0287S,42,0,0
2023/10/15 04:55,05F0055S,05F0287S,5,0,0
2023/10/15 04:55,05F0287S,05F0309S,31,89,18
2023/10/15 04:55,05F0287S,05F0309S,32,89,11
2023/10/15 04:55,05F0287S,05F0309S,41,92,1
2023/10/15 04:55,05F0287S,05F0309S,42,0,0
2023/10/15 04:55,05F0287S,05F0309S,5,0,0
2023/10/15 04:55,05F0309S,05F0439S,31,478,15
2023/10/15 04:55,05F0309S,05F0439S,32,491,3
2023/10/15 04:55,05F0309S,05F0439S,41,0,0
2023/10/15 04:55,05F0309S,05F0439S,42,0,0
2023/10/15 04:55,05F0309S,05F0439S,5,514,2
2023/10/15 04:55,05F0439S,05F0494S,31,195,5
2023/10/15 04:55,05F0439S,05F0494S,32,196,4
2023/10/15 04:55,05F0439S,05F0494S,41,0,0
2023/10/15 04:55,05F0439S,05F0494S,42,0,0
2023/10/15 04:55,05F0439S,05F0494S,5,0,0
2023/10/15 05:00,05F0000S,05F0055S,31,238,30
2023/10/15 05:00,05F0000S,05F0055S,32,232,10
2023/10/15 05:00,05F0000S,05F0055S,41,0,0
2023/10/15 05:00,05F0000S,05F0055S,42,0,0
2023/10/15 05:00,05F0000S,05F0055S,5,0,0
2023/10/15 05:00,05F0055S,05F0287S,31,947,22
2023/10/15 05:00,05F0055S,05F0287S,32,955,15
2023/10/15 05:00,05F0055S,05F0287S,41,0,0
2023/10/15 05:00,05F0055S,05F0287S,42,0,0
2023/10/15 05:00,05F0055S,05F0287S,5,0,0
2023/10/15 05:00,05F0287S,05F0309S,31,83,21
2023/10/15 05:00,05F0287S,05F0309S,32,90,6
2023/10/15 05:00,05F0287S,05F0309S,41,0,0
2023/10/15 05:00,05F0287S,05F0309S,42,0,0
2023/10/15 05:00,05F0287S,05F0309S,5,0,0
2023/10/15 05:00,05F0309S,05F0439S,31,482,11
2023/10/15 05:00,05F0309S,05F0439S,32,496,3
2023/10/15 05:00,05F0309S,05F0439S,41,515,1
2023/10/15 05:00,05F0309S,05F0439S,42,0,0
2023/10/15 05:00,05F0309S,05F0439S,5,0,0
2023/10/15 05:00,05F0439S,05F0494S,31,196,5
2023/10/15 05:00,05F0439S,05F0494S,32,227,2
2023/10/15 05:00,05F0439S,05F0494S,41,0,0
2023/10/15 05:00,05F0439S,05F0494S,42,0,0
2023/10/15 05:00,05F0439S,05F0494S,5,215,2
2023/10/15 05:05,05F0000S,05F0055S,31,234,43
2023/10/15 05:05,05F0000S,05F0055S,32,240,19
2023/10/15 05:05,05F0000S,05F0055S,41,257,2
2023/10/15 05:05,05F0000S,05F0055S,42,0,0
2023/10/15 05:05,05F0000S,05F0055S,5,0,0
2023/10/15 05:05,05F0055S,05F0287S,31,920,33
2023/10/15 05:05,05F0055S,05F0287S,32,936,14
2023/10/15 05:05,05F0055S,05F0287S,41,0,0
2023/10/15 05:05,05F0055S,05F0287S,42,0,0
2023/10/15 05:05,05F0055S,05F0287S,5,0,0
2023/10/15 05:05,05F0287S,05F0309S,31,86,17
2023/10/15 05:05,05F0287S,05F0309S,32,86,13
2023/10/15 05:05,05F0287S,05F0309S,41,0,0
2023/10/15 05:05,05F0287S,05F0309S,42,0,0
2023/10/15 05:05,05F0287S,05F0309S,5,0,0
2023/10/15 05:05,05F0309S,05F0439S,31,484,15
2023/10/15 05:05,05F0309S,05F0439S,32,514,7
2023/10/15 05:05,05F0309S,05F0439S,41,0,0
2023/10/15 05:05,05F0309S,05F0439S,42,0,0
2023/10/15 05:05,05F0309S,05F0439S,5,0,0
2023/10/15 05:05,05F0439S,05F0494S,31,206,10
2023/10/15 05:05,05F0439S,05F0494S,32,212,3
2023/10/15 05:05,05F0439S,05F0494S,41,218,1
2023/10/15 05:05,05F0439S,05F0494S,42,0,0
2023/10/15 05:05,05F0439S,05F0494S,5,0,0
2023/10/15 05:10,05F0000S,05F0055S,31,239,27
2023/10/15 05:10,05F0000S,05F0055S,32,235,21
2023/10/15 05:10,05F0000S,05F0055S,41,263,1
2023/10/15 05:10,05F0000S,05F0055S,42,0,0
2023/10/15 05:10,05F0000S,05F0055S,5,0,0
2023/10/15 05:10,05F0055S,05F0287S,31,903,28
2023/10/15 05:10,05F0055S,05F0287S,32,942,8
2023/10/15 05:10,05F0055S,05F0287S,41,0,0
2023/10/15 05:10,05F0055S,05F0287S,42,0,0
2023/10/15 05:10,05F0055S,05F0287S,5,0,0
2023/10/15 05:10,05F0287S,05F0309S,31,83,18
2023/10/15 05:10,05F0287S,05F0309S,32,84,11
2023/10/15 05:10,05F0287S,05F0309S,41,0,0
2023/10/15 05:10,05F0287S,05F0309S,42,0,0
2023/10/15 05:10,05F0287S,05F0309S,5,0,0
2023/10/15 05:10,05F0309S,05F0439S,31,490,18
2023/10/15 05:10,05F0309S,05F0439S,32,489,4
2023/10/15 05:10,05F0309S,05F0439S,41,0,0
2023/10/15 05:10,05F0309S,05F0439S,42,505,1
2023/10/15 05:10,05F0309S,05F0439S,5,485,1
2023/10/15 05:10,05F0439S,05F0494S,31,217,7
2023/10/15 05:10,05F0439S,05F0494S,32,213,7
2023/10/15 05:10,05F0439S,05F0494S,41,0,0
2023/10/15 05:10,05F0439S,05F0494S,42,0,0
2023/10/15 05:10,05F0439S,05F0494S,5,213,2
2023/10/15 05:15,05F0000S,05F0055S,31,241,36
2023/10/15 05:15,05F0000S,05F0055S,32,244,17
2023/10/15 05:15,05F0000S,05F0055S,41,0,0
2023/10/15 05:15,05F0000S,05F0055S,42,0,0
2023/10/15 05:15,05F0000S,05F0055S,5,0,0
2023/10/15 05:15,05F0055S,05F0287S,31,939,29
2023/10/15 05:15,05F0055S,05F0287S,32,962,15
2023/10/15 05:15,05F0055S,05F0287S,41,1049,1
2023/10/15 05:15,05F0055S,05F0287S,42,0,0
2023/10/15 05:15,05F0055S,05F0287S,5,0,0
2023/10/15 05:15,05F0287S,05F0309S,31,87,25
2023/10/15 05:15,05F0287S,05F0309S,32,85,9
2023/10/15 05:15,05F0287S,05F0309S,41,99,1
2023/10/15 05:15,05F0287S,05F0309S,42,0,0
2023/10/15 05:15,05F0287S,05F0309S,5,0,0
2023/10/15 05:15,05F0309S,05F0439S,31,478,17
2023/10/15 05:15,05F0309S,05F0439S,32,477,15
2023/10/15 05:15,05F0309S,05F0439S,41,0,0
2023/10/15 05:15,05F0309S,05F0439S,42,0,0
2023/10/15 05:15,05F0309S,05F0439S,5,502,1
2023/10/15 05:15,05F0439S,05F0494S,31,206,7
2023/10/15 05:15,05F0439S,05F0494S,32,207,1
2023/10/15 05:15,05F0439S,05F0494S,41,0,0
2023/10/15 05:15,05F0439S,05F0494S,42,0,0
2023/10/15 05:15,05F0439S,05F0494S,5,0,0
2023/10/15 05:20,05F0000S,05F0055S,31,238,42
2023/10/15 05:20,05F0000S,05F0055S,32,238,9
2023/10/15 05:20,05F0000S,05F0055S,41,0,0
2023/10/15 05:20,05F0000S,05F0055S,42,0,0
2023/10/15 05:20,05F0000S,05F0055S,5,0,0
2023/10/15 05:20,05F0055S,05F0287S,31,954,41
2023/10/15 05:20,05F0055S,05F0287S,32,966,17
2023/10/15 05:20,05F0055S,05F0287S,41,1021,2
2023/10/15 05:20,05F0055S,05F0287S,42,0,0
2023/10/15 05:20,05F0055S,05F0287S,5,0,0
2023/10/15 05:20,05F0287S,05F0309S,31,87,19
2023/10/15 05:20,05F0287S,05F0309S,32,87,8
2023/10/15 05:20,05F0287S,05F0309S,41,89,1
2023/10/15 05:20,05F0287S,05F0309S,42,0,0
2023/10/15 05:20,05F0287S,05F0309S,5,0,0
2023/10/15 05:20,05F0309S,05F0439S,31,506,8
2023/10/15 05:20,05F0309S,05F0439S,32,461,3
2023/10/15 05:20,05F0309S,05F0439S,41,0,0
2023/10/15 05:20,05F0309S,05F0439S,42,0,0
2023/10/15 05:20,05F0309S,05F0439S,5,0,0
2023/10/15 05:20,05F0439S,05F0494S,31,178,5
2023/10/15 05:20,05F0439S,05F0494S,32,204,4
2023/10/15 05:20,05F0439S,05F0494S,41,0,0
2023/10/15 05:20,05F0439S,05F0494S,42,0,0
2023/10/15 05:20,05F0439S,05F0494S,5,0,0
2023/10/15 05:25,05F0000S,05F0055S,31,232,31
2023/10/15 05:25,05F0000S,05F0055S,32,230,16
2023/10/15 05:25,05F0000S,05F0055S,41,0,0
2023/10/15 05:25,05F0000S,05F0055S,42,0,0
2023/10/15 05:25,05F0000S,05F0055S,5,0,0
2023/10/15 05:25,05F0055S,05F0287S,31,966,28
2023/10/15 05:25,05F0055S,05F0287S,32,942,19
2023/10/15 05:25,05F0055S,05F0287S,41,0,0
2023/10/15 05:25,05F0055S,05F0287S,42,0,0
2023/10/15 05:25,05F0055S,05F0287S,5,0,0
2023/10/15 05:25,05F0287S,05F0309S,31,84,22
2023/10/15 05:25,05F0287S,05F0309S,32,89,13
2023/10/15 05:25,05F0287S,05F0309S,41,94,1
2023/10/15 05:25,05F0287S,05F0309S,42,0,0
2023/10/15 05:25,05F0287S,05F0309S,5,0,0
2023/10/15 05:25,05F0309S,05F0439S,31,487,14
2023/10/15 05:25,05F0309S,05F0439S,32,495,5
2023/10/15 05:25,05F0309S,05F0439S,41,0,0
2023/10/15 05:25,05F0309S,05F0439S,42,0,0
2023/10/15 05:25,05F0309S,05F0439S,5,0,0
2023/10/15 05:25,05F0439S,05F0494S,31,188,7
2023/10/15 05:25,05F0439S,05F0494S,32,198,4
2023/10/15 05:25,05F0439S,05F0494S,41,0,0
2023/10/15 05:25,05F0439S,05F0494S,42,0,0
2023/10/15 05:25,05F0439S,05F0494S,5,0,0
2023/10/15 05:30,05F0000S,05F0055S,31,241,39
2023/10/15 05:30,05F0000S,05F0055S,32,244,19
2023/10/15 05:30,05F0000S,05F0055S,41,226,1
2023/10/15 05:30,05F0000S,05F0055S,42,0,0
2023/10/15 05:30,05F0000S,05F0055S,5,0,0
2023/10/15 05:30,05F0055S,05F0287S,31,954,40
2023/10/15 05:30,05F0055S,05F0287S,32,967,15
2023/10/15 05:30,05F0055S,05F0287S,41,977,1
2023/10/15 05:30,05F0055S,05F0287S,42,0,0
2023/10/15 05:30,05F0055S,05F0287S,5,0,0
2023/10/15 05:30,05F0287S,05F0309S,31,84,21
2023/10/15 05:30,05F0287S,05F0309S,32,83,11
2023/10/15 05:30,05F0287S,05F0309S,41,91,1
2023/10/15 05:30,05F0287S,05F0309S,42,0,0
2023/10/15 05:30,05F0287S,05F0309S,5,0,0
2023/10/15 05:30,05F0309S,05F0439S,31,471,14
2023/10/15 05:30,05F0309S,05F0439S,32,505,6
2023/10/15 05:30,05F0309S,05F0439S,41,501,1
2023/10/15 05:30,05F0309S,05F0439S,42,526,1
2023/10/15 05:30,05F0309S,05F0439S,5,526,2
2023/10/15 05:30,05F0439S,05F0494S,31,196,8
2023/10/15 05:30,05F0439S,05F0494S,32,217,1
2023/10/15 05:30,05F0439S,05F0494S,41,0,0
2023/10/15 05:30,05F0439S,05F0494S,42,0,0
2023/10/15 05:30,05F0439S,05F0494S,5,193,1
2023/10/15 05:35,05F0000S,05F0055S,31,245,61
2023/10/15 05:35,05F0000S,05F0055S,32,247,27
2023/10/15 05:35,05F0000S,05F0055S,41,229,1
2023/10/15 05:35,05F0000S,05F0055S,42,0,0
2023/10/15 05:35,05F0000S,05F0055S,5,0,0
2023/10/15 05:35,05F0055S,05F0287S,31,942,36
2023/10/15 05:35,05F0055S,05F0287S,32,963,11
2023/10/15 05:35,05F0055S,05F0287S,41,0,0
2023/10/15 05:35,05F0055S,05F0287S,42,0,0
2023/10/15 05:35,05F0055S,05F0287S,5,0,0
2023/10/15 05:35,05F0287S,05F0309S,31,87,27
2023/10/15 05:35,05F0287S,05F0309S,32,89,8
2023/10/15 05:35,05F0287S,05F0309S,41,0,0
2023/10/15 05:35,05F0287S,05F0309S,42,0,0
2023/10/15 05:35,05F0287S,05F0309S,5,0,0
2023/10/15 05:35,05F0309S,05F0439S,31,485,19
2023/10/15 05:35,05F0309S,05F0439S,32,450,12
2023/10/15 05:35,05F0309S,05F0439S,41,0,0
2023/10/15 05:35,05F0309S,05F0439S,42,0,0
2023/10/15 05:35,05F0309S,05F0439S,5,0,0
2023/10/15 05:35,05F0439S,05F0494S,31,195,12
2023/10/15 05:35,05F0439S,05F0494S,32,210,5
2023/10/15 05:35,05F0439S,05F0494S,41,218,1
2023/10/15 05:35,05F0439S,05F0494S,42,228,1
2023/10/15 05:35,05F0439S,05F0494S,5,0,0
2023/10/15 05:40,05F0000S,05F0055S,31,240,56
2023/10/15 05:40,05F0000S,05F0055S,32,248,13
2023/10/15 05:40,05F0000S,05F0055S,41,259,1
2023/10/15 05:40,05F0000S,05F0055S,42,0,0
2023/10/15 05:40,05F0000S,05F0055S,5,0,0
2023/10/15 05:40,05F0055S,05F0287S,31,963,37
2023/10/15 05:40,05F0055S,05F0287S,32,943,15
2023/10/15 05:40,05F0055S,05F0287S,41,0,0
2023/10/15 05:40,05F0055S,05F0287S,42,0,0
2023/10/15 05:40,05F0055S,05F0287S,5,0,0
2023/10/15 05:40,05F0287S,05F0309S,31,87,21
2023/10/15 05:40,05F0287S,05F0309S,32,86,6
2023/10/15 05:40,05F0287S,05F0309S,41,0,0
2023/10/15 05:40,05F0287S,05F0309S,42,0,0
2023/10/15 05:40,05F0287S,05F0309S,5,0,0
2023/10/15 05:40,05F0309S,05F0439S,31,479,19
2023/10/15 05:40,05F0309S,05F0439S,32,497,8
2023/10/15 05:40,05F0309S,05F0439S,41,506,1
2023/10/15 05:40,05F0309S,05F0439S,42,0,0
2023/10/15 05:40,05F0309S,05F0439S,5,0,0
2023/10/15 05:40,05F0439S,05F0494S,31,196,12
2023/10/15 05:40,05F0439S,05F0494S,32,232,5
2023/10/15 05:40,05F0439S,05F0494S,41,0,0
2023/10/15 05:40,05F0439S,05F0494S,42,0,0
2023/10/15 05:40,05F0439S,05F0494S,5,0,0
2023/10/15 05:45,05F0000S,05F0055S,31,241,52
2023/10/15 05:45,05F0000S,05F0055S,32,242,22
2023/10/15 05:45,05F0000S,05F0055S,41,0,0
2023/10/15 05:45,05F0000S,05F0055S,42,0,0
2023/10/15 05:45,05F0000S,05F0055S,5,0,0
2023/10/15 05:45,05F0055S,05F0287S,31,969,25
2023/10/15 05:45,05F0055S,05F0287S,32,968,13
2023/10/15 05:45,05F0055S,05F0287S,41,1057,2
2023/10/15 05:45,05F0055S,05F0287S,42,0,0
2023/10/15 05:45,05F0055S,05F0287S,5,0,0
2023/10/15 05:45,05F0287S,05F0309S,31,86,16
2023/10/15 05:45,05F0287S,05F0309S,32,84,10
2023/10/15 05:45,05F0287S,05F0309S,41,85,1
2023/10/15 05:45,05F0287S,05F0309S,42,0,0
2023/10/15 05:45,05F0287S,05F0309S,5,0,0
2023/10/15 05:45,05F0309S,05F0439S,31,496,15
2023/10/15 05:45,05F0309S,05F0439S,32,461,3
2023/10/15 05:45,05F0309S,05F0439S,41,0,0
2023/10/15 05:45,05F0309S,05F0439S,42,0,0
2023/10/15 05:45,05F0309S,05F0439S,5,471,1
2023/10/15 05:45,05F0439S,05F0494S,31,212,10
2023/10/15 05:45,05F0439S,05F0494S,32,209,7
2023/10/15 05:45,05F0439S,05F0494S,41,0,0
2023/10/15 05:45,05F0439S,05F0494S,42,0,0
2023/10/15 05:45,05F0439S,05F0494S,5,0,0
2023/10/15 05:50,05F0000S,05F0055S,31,238,57
2023/10/15 05:50,05F0000S,05F0055S,32,235,23
2023/10/15 05:50,05F0000S,05F0055S,41,233,1
2023/10/15 05:50,05F0000S,05F0055S,42,0,0
2023/10/15 05:50,05F0000S,05F0055S,5,0,0
2023/10/15 05:50,05F0055S,05F0287S,31,958,70
2023/10/15 05:50,05F0055S,05F0287S,32,973,28
2023/10/15 05:50,05F0055S,05F0287S,41,988,1
2023/10/15 05:50,05F0055S,05F0287S,42,0,0
2023/10/15 05:50,05F0055S,05F0287S,5,0,0
2023/10/15 05:50,05F0287S,05F0309S,31,89,27
2023/10/15 05:50,05F0287S,05F0309S,32,86,11
2023/10/15 05:50,05F0287S,05F0309S,41,94,2
2023/10/15 05:50,05F0287S,05F0309S,42,0,0
2023/10/15 05:50,05F0287S,05F0309S,5,0,0
2023/10/15 05:50,05F0309S,05F0439S,31,485,16
2023/10/15 05:50,05F0309S,05F0439S,32,461,8
2023/10/15 05:50,05F0309S,05F0439S,41,0,0
2023/10/15 05:50,05F0309S,05F0439S,42,0,0
2023/10/15 05:50,05F0309S,05F0439S,5,549,2
2023/10/15 05:50,05F0439S,05F0494S,31,209,11
2023/10/15 05:50,05F0439S,05F0494S,32,203,3
2023/10/15 05:50,05F0439S,05F0494S,41,220,1
2023/10/15 05:50,05F0439S,05F0494S,42,0,0
2023/10/15 05:50,05F0439S,05F0494S,5,199,1
2023/10/15 05:55,05F0000S,05F0055S,31,238,56
2023/10/15 05:55,05F0000S,05F0055S,32,237,12
2023/10/15 05:55,05F0000S,05F0055S,41,267,2
2023/10/15 05:55,05F0000S,05F0055S,42,0,0
2023/10/15 05:55,05F0000S,05F0055S,5,0,0
2023/10/15 05:55,05F0055S,05F0287S,31,939,65
2023/10/15 05:55,05F0055S,05F0287S,32,963,17
2023/10/15 05:55,05F0055S,05F0287S,41,0,0
2023/10/15 05:55,05F0055S,05F0287S,42,0,0
2023/10/15 05:55,05F0055S,05F0287S,5,0,0
2023/10/15 05:55,05F0287S,05F0309S,31,80,62
2023/10/15 05:55,05F0287S,05F0309S,32,83,14
2023/10/15 05:55,05F0287S,05F0309S,41,0,0
2023/10/15 05:55,05F0287S,05F0309S,42,0,0
2023/10/15 05:55,05F0287S,05F0309S,5,0,0
2023/10/15 05:55,05F0309S,05F0439S,31,454,9
2023/10/15 05:55,05F0309S,05F0439S,32,479,3
2023/10/15 05:55,05F0309S,05F0439S,41,514,2
2023/10/15 05:55,05F0309S,05F0439S,42,0,0
2023/10/15 05:55,05F0309S,05F0439S,5,571,2
2023/10/15 05:55,05F0439S,05F0494S,31,203,8
2023/10/15 05:55,05F0439S,05F0494S,32,219,5
2023/10/15 05:55,05F0439S,05F0494S,41,0,0
2023/10/15 05:55,05F0439S,05F0494S,42,0,0
2023/10/15 05:55,05F0439S,05F0494S,5,0,0
2023/10/15 06:00,05F0000S,05F0055S,31,238,57
2023/10/15 06:00,05F0000S,05F0055S,32,238,25
2023/10/15 06:00,05F0000S,05F0055S,41,0,0
2023/10/15 06:00,05F0000S,05F0055S,42,0,0
2023/10/15 06:00,05F0000S,05F0055S,5,0,0
2023/10/15 06:00,05F0055S,05F0287S,31,975,54
2023/10/15 06:00,05F0055S,05F0287S,32,981,30
2023/10/15 06:00,05F0055S,05F0287S,41,1010,1
2023/10/15 06:00,05F0055S,05F0287S,42,0,0
2023/10/15 06:00,05F0055S,05F0287S,5,0,0
2023/10/15 06:00,05F0287S,05F0309S,31,83,34
2023/10/15 06:00,05F0287S,05F0309S,32,86,15
2023/10/15 06:00,05F0287S,05F0309S,41,92,1
2023/10/15 06:00,05F0287S,05F0309S,42,0,0
2023/10/15 06:00,05F0287S,05F0309S,5,0,0
2023/10/15 06:00,05F0309S,05F0439S,31,451,49
2023/10/15 06:00,05F0309S,05F0439S,32,474,10
2023/10/15 06:00,05F0309S,05F0439S,41,0,0
2023/10/15 06:00,05F0309S,05F0439S,42,546,1
2023/10/15 06:00,05F0309S,05F0439S,5,561,4
2023/10/15 06:00,05F0439S,05F0494S,31,132,13
2023/10/15 06:00,05F0439S,05F0494S,32,203,3
2023/10/15 06:00,05F0439S,05F0494S,41,0,0
2023/10/15 06:00,05F0439S,05F0494S,42,0,0
2023/10/15 06:00,05F0439S,05F0494S,5,248,1
2023/10/15 06:05,05F0000S,05F0055S,31,235,54
2023/10/15 06:05,05F0000S,05F0055S,32,239,21
2023/10/15 06:05,05F0000S,05F0055S,41,241,1
2023/10/15 06:05,05F0000S,05F0055S,42,0,0
2023/10/15 06:05,05F0000S,05F0055S,5,0,0
2023/10/15 06:05,05F0055S,05F0287S,31,973,58
2023/10/15 06:05,05F0055S,05F0287S,32,954,20
2023/10/15 06:05,05F0055S,05F0287S,41,0,0
2023/10/15 06:05,05F0055S,05F0287S,42,0,0
2023/10/15 06:05,05F0055S,05F0287S,5,0,0
2023/10/15 06:05,05F0287S,05F0309S,31,81,28
2023/10/15 06:05,05F0287S,05F0309S,32,81,15
2023/10/15 06:05,05F0287S,05F0309S,41,0,0
2023/10/15 06:05,05F0287S,05F0309S,42,0,0
2023/10/15 06:05,05F0287S,05F0309S,5,0,0
2023/10/15 06:05,05F0309S,05F0439S,31,466,23
2023/10/15 06:05,05F0309S,05F0439S,32,460,6
2023/10/15 06:05,05F0309S,05F0439S,41,0,0
2023/10/15 06:05,05F0309S,05F0439S,42,0,0
2023/10/15 06:05,05F0309S,05F0439S,5,474,2
2023/10/15 06:05,05F0439S,05F0494S,31,192,33
2023/10/15 06:05,05F0439S,05F0494S,32,202,3
2023/10/15 06:05,05F0439S,05F0494S,41,0,0
2023/10/15 06:05,05F0439S,05F0494S,42,227,1
2023/10/15 06:05,05F0439S,05F0494S,5,224,3
2023/10/15 06:10,05F0000S,05F0055S,31,242,59
2023/10/15 06:10,05F0000S,05F0055S,32,247,23
2023/10/15 06:10,05F0000S,05F0055S,41,258,1
2023/10/15 06:10,05F0000S,05F0055S,42,0,0
2023/10/15 06:10,05F0000S,05F0055S,5,0,0
2023/10/15 06:10,05F0055S,05F0287S,31,946,42
2023/10/15 06:10,05F0055S,05F0287S,32,952,14
2023/10/15 06:10,05F0055S,05F0287S,41,1024,2
2023/10/15 06:10,05F0055S,05F0287S,42,0,0
2023/10/15 06:10,05F0055S,05F0287S,5,0,0
2023/10/15 06:10,05F0287S,05F0309S,31,84,28
2023/10/15 06:10,05F0287S,05F0309S,32,87,15
2023/10/15 06:10,05F0287S,05F0309S,41,0,0
2023/10/15 06:10,05F0287S,05F0309S,42,0,0
2023/10/15 06:10,05F0287S,05F0309S,5,0,0
2023/10/15 06:10,05F0309S,05F0439S,31,464,25
2023/10/15 06:10,05F0309S,05F0439S,32,448,11
2023/10/15 06:10,05F0309S,05F0439S,41,506,1
2023/10/15 06:10,05F0309S,05F0439S,42,0,0
2023/10/15 06:10,05F0309S,05F0439S,5,0,0
2023/10/15 06:10,05F0439S,05F0494S,31,200,12
2023/10/15 06:10,05F0439S,05F0494S,32,194,4
2023/10/15 06:10,05F0439S,05F0494S,41,214,1
2023/10/15 06:10,05F0439S,05F0494S,42,232,1
2023/10/15 06:10,05F0439S,05F0494S,5,186,1
2023/10/15 06:15,05F0000S,05F0055S,31,249,75
2023/10/15 06:15,05F0000S,05F0055S,32,251,27
2023/10/15 06:15,05F0000S,05F0055S,41,266,4
2023/10/15 06:15,05F0000S,05F0055S,42,0,0
2023/10/15 06:15,05F0000S,05F0055S,5,0,0
2023/10/15 06:15,05F0055S,05F0287S,31,962,74
2023/10/15 06:15,05F0055S,05F0287S,32,947,25
2023/10/15 06:15,05F0055S,05F0287S,41,1025,1
2023/10/15 06:15,05F0055S,05F0287S,42,0,0
2023/10/15 06:15,05F0055S,05F0287S,5,0,0
2023/10/15 06:15,05F0287S,05F0309S,31,89,36
2023/10/15 06:15,05F0287S,05F0309S,32,88,12
2023/10/15 06:15,05F0287S,05F0309S,41,98,2
2023/10/15 06:15,05F0287S,05F0309S,42,0,0
2023/10/15 06:15,05F0287S,05F0309S,5,0,0
2023/10/15 06:15,05F0309S,05F0439S,31,446,21
2023/10/15 06:15,05F0309S,05F0439S,32,472,13
2023/10/15 06:15,05F0309S,05F0439S,41,0,0
2023/10/15 06:15,05F0309S,05F0439S,42,0,0
2023/10/15 06:15,05F0309S,05F0439S,5,511,1
2023/10/15 06:15,05F0439S,05F0494S,31,190,17
2023/10/15 06:15,05F0439S,05F0494S,32,202,6
2023/10/15 06:15,05F0439S,05F0494S,41,0,0
2023/10/15 06:15,05F0439S,05F0494S,42,0,0
2023/10/15 06:15,05F0439S,05F0494S,5,206,1
2023/10/15 06:20,05F0000S,05F0055S,31,245,64
2023/10/15 06:20,05F0000S,05F0055S,32,246,24
2023/10/15 06:20,05F0000S,05F0055S,41,264,2
2023/10/15 06:20,05F0000S,05F0055S,42,0,0
2023/10/15 06:20,05F0000S,05F0055S,5,0,0
2023/10/15 06:20,05F0055S,05F0287S,31,940,45
2023/10/15 06:20,05F0055S,05F0287S,32,950,21
2023/10/15 06:20,05F0055S,05F0287S,41,1008,1
2023/10/15 06:20,05F0055S,05F0287S,42,0,0
2023/10/15 06:20,05F0055S,05F0287S,5,0,0
2023/10/15 06:20,05F0287S,05F0309S,31,83,35
2023/10/15 06:20,05F0287S,05F0309S,32,85,21
2023/10/15 06:20,05F0287S,05F0309S,41,0,0
2023/10/15 06:20,05F0287S,05F0309S,42,3036,1
2023/10/15 06:20,05F0287S,05F0309S,5,0,0
2023/10/15 06:20,05F0309S,05F0439S,31,469,25
2023/10/15 06:20,05F0309S,05F0439S,32,490,6
2023/10/15 06:20,05F0309S,05F0439S,41,513,1
2023/10/15 06:20,05F0309S,05F0439S,42,0,0
2023/10/15 06:20,05F0309S,05F0439S,5,510,1
2023/10/15 06:20,05F0439S,05F0494S,31,210,16
2023/10/15 06:20,05F0439S,05F0494S,32,205,8
2023/10/15 06:20,05F0439S,05F0494S,41,0,0
2023/10/15 06:20,05F0439S,05F0494S,42,0,0
2023/10/15 06:20,05F0439S,05F0494S,5,0,0
2023/10/15 06:25,05F0000S,05F0055S,31,246,83
2023/10/15 06:25,05F0000S,05F0055S,32,243,32
2023/10/15 06:25,05F0000S,05F0055S,41,251,2
2023/10/15 06:25,05F0000S,05F0055S,42,0,0
2023/10/15 06:25,05F0000S,05F0055S,5,0,0
2023/10/15 06:25,05F0055S,05F0287S,31,950,51
2023/10/15 06:25,05F0055S,05F0287S,32,960,20
2023/10/15 06:25,05F0055S,05F0287S,41,0,0
2023/10/15 06:25,05F0055S,05F0287S,42,0,0
2023/10/15 06:25,05F0055S,05F0287S,5,0,0
2023/10/15 06:25,05F0287S,05F0309S,31,85,28
2023/10/15 06:25,05F0287S,05F0309S,32,88,11
2023/10/15 06:25,05F0287S,05F0309S,41,0,0
2023/10/15 06:25,05F0287S,05F0309S,42,0,0
2023/10/15 06:25,05F0287S,05F0309S,5,0,0
2023/10/15 06:25,05F0309S,05F0439S,31,487,21
2023/10/15 06:25,05F0309S,05F0439S,32,472,10
2023/10/15 06:25,05F0309S,05F0439S,41,513,1
2023/10/15 06:25,05F0309S,05F0439S,42,0,0
2023/10/15 06:25,05F0309S,05F0439S,5,0,0
2023/10/15 06:25,05F0439S,05F0494S,31,199,13
2023/10/15 06:25,05F0439S,05F0494S,32,203,4
2023/10/15 06:25,05F0439S,05F0494S,41,210,1
2023/10/15 06:25,05F0439S,05F0494S,42,0,0
2023/10/15 06:25,05F0439S,05F0494S,5,214,1
2023/10/15 06:30,05F0000S,05F0055S,31,247,83
2023/10/15 06:30,05F0000S,05F0055S,32,245,24
2023/10/15 06:30,05F0000S,05F0055S,41,271,1
2023/10/15 06:30,05F0000S,05F0055S,42,0,0
2023/10/15 06:30,05F0000S,05F0055S,5,0,0
2023/10/15 06:30,05F0055S,05F0287S,31,982,70
2023/10/15 06:30,05F0055S,05F0287S,32,994,24
2023/10/15 06:30,05F0055S,05F0287S,41,1060,4
2023/10/15 06:30,05F0055S,05F0287S,42,0,0
2023/10/15 06:30,05F0055S,05F0287S,5,0,0
2023/10/15 06:30,05F0287S,05F0309S,31,85,43
2023/10/15 06:30,05F0287S,05F0309S,32,87,17
2023/10/15 06:30,05F0287S,05F0309S,41,93,1
2023/10/15 06:30,05F0287S,05F0309S,42,0,0
2023/10/15 06:30,05F0287S,05F0309S,5,0,0
2023/10/15 06:30,05F0309S,05F0439S,31,472,15
2023/10/15 06:30,05F0309S,05F0439S,32,477,11
2023/10/15 06:30,05F0309S,05F0439S,41,0,0
2023/10/15 06:30,05F0309S,05F0439S,42,0,0
2023/10/15 06:30,05F0309S,05F0439S,5,753,1
2023/10/15 06:30,05F0439S,05F0494S,31,195,10
2023/10/15 06:30,05F0439S,05F0494S,32,214,7
2023/10/15 06:30,05F0439S,05F0494S,41,224,1
2023/10/15 06:30,05F0439S,05F0494S,42,0,0
2023/10/15 06:30,05F0439S,05F0494S,5,0,0
2023/10/15 06:35,05F0000S,05F0055S,31,245,78
2023/10/15 06:35,05F0000S,05F0055S,32,248,20
2023/10/15 06:35,05F0000S,05F0055S,41,256,7
2023/10/15 06:35,05F0000S,05F0055S,42,0,0
2023/10/15 06:35,05F0000S,05F0055S,5,0,0
2023/10/15 06:35,05F0055S,05F0287S,31,989,64
2023/10/15 06:35,05F0055S,05F0287S,32,996,26
2023/10/15 06:35,05F0055S,05F0287S,41,1060,5
2023/10/15 06:35,05F0055S,05F0287S,42,0,0
2023/10/15 06:35,05F0055S,05F0287S,5,0,0
2023/10/15 06:35,05F0287S,05F0309S,31,86,40
2023/10/15 06:35,05F0287S,05F0309S,32,87,19
2023/10/15 06:35,05F0287S,05F0309S,41,94,6
2023/10/15 06:35,05F0287S,05F0309S,42,0,0
2023/10/15 06:35,05F0287S,05F0309S,5,0,0
2023/10/15 06:35,05F0309S,05F0439S,31,467,25
2023/10/15 06:35,05F0309S,05F0439S,32,491,8
2023/10/15 06:35,05F0309S,05F0439S,41,0,0
2023/10/15 06:35,05F0309S,05F0439S,42,526,3
2023/10/15 06:35,05F0309S,05F0439S,5,0,0
2023/10/15 06:35,05F0439S,05F0494S,31,207,13
2023/10/15 06:35,05F0439S,05F0494S,32,203,8
2023/10/15 06:35,05F0439S,05F0494S,41,197,1
2023/10/15 06:35,05F0439S,05F0494S,42,0,0
2023/10/15 06:35,05F0439S,05F0494S,5,309,1
2023/10/15 06:40,05F0000S,05F0055S,31,252,88
2023/10/15 06:40,05F0000S,05F0055S,32,256,30
2023/10/15 06:40,05F0000S,05F0055S,41,0,0
2023/10/15 06:40,05F0000S,05F0055S,42,0,0
2023/10/15 06:40,05F0000S,05F0055S,5,0,0
2023/10/15 06:40,05F0055S,05F0287S,31,977,79
2023/10/15 06:40,05F0055S,05F0287S,32,994,27
2023/10/15 06:40,05F0055S,05F0287S,41,988,2
2023/10/15 06:40,05F0055S,05F0287S,42,0,0
2023/10/15 06:40,05F0055S,05F0287S,5,0,0
2023/10/15 06:40,05F0287S,05F0309S,31,85,56
2023/10/15 06:40,05F0287S,05F0309S,32,83,14
2023/10/15 06:40,05F0287S,05F0309S,41,95,3
2023/10/15 06:40,05F0287S,05F0309S,42,0,0
2023/10/15 06:40,05F0287S,05F0309S,5,0,0
2023/10/15 06:40,05F0309S,05F0439S,31,470,21
2023/10/15 06:40,05F0309S,05F0439S,32,468,15
2023/10/15 06:40,05F0309S,05F0439S,41,539,3
2023/10/15 06:40,05F0309S,05F0439S,42,0,0
2023/10/15 06:40,05F0309S,05F0439S,5,0,0
2023/10/15 06:40,05F0439S,05F0494S,31,197,19
2023/10/15 06:40,05F0439S,05F0494S,32,208,4
2023/10/15 06:40,05F0439S,05F0494S,41,0,0
2023/10/15 06:40,05F0439S,05F0494S,42,223,2
2023/10/15 06:40,05F0439S,05F0494S,5,0,0
2023/10/15 06:45,05F0000S,05F0055S,31,254,83
2023/10/15 06:45,05F0000S,05F0055S,32,256,31
2023/10/15 06:45,05F0000S,05F0055S,41,263,8
2023/10/15 06:45,05F0000S,05F0055S,42,0,0
2023/10/15 06:45,05F0000S,05F0055S,5,0,0
2023/10/15 06:45,05F0055S,05F0287S,31,969,65
2023/10/15 06:45,05F0055S,05F0287S,32,974,28
2023/10/15 06:45,05F0055S,05F0287S,41,0,0
2023/10/15 06:45,05F0055S,05F0287S,42,0,0
2023/10/15 06:45,05F0055S,05F0287S,5,0,0
2023/10/15 06:45,05F0287S,05F0309S,31,83,50
2023/10/15 06:45,05F0287S,05F0309S,32,84,21
2023/10/15 06:45,05F0287S,05F0309S,41,0,0
2023/10/15 06:45,05F0287S,05F0309S,42,0,0
2023/10/15 06:45,05F0287S,05F0309S,5,0,0
2023/10/15 06:45,05F0309S,05F0439S,31,473,22
2023/10/15 06:45,05F0309S,05F0439S,32,496,12
2023/10/15 06:45,05F0309S,05F0439S,41,521,4
2023/10/15 06:45,05F0309S,05F0439S,42,0,0
2023/10/15 06:45,05F0309S,05F0439S,5,0,0
2023/10/15 06:45,05F0439S,05F0494S,31,203,20
2023/10/15 06:45,05F0439S,05F0494S,32,208,6
2023/10/15 06:45,05F0439S,05F0494S,41,221,3
2023/10/15 06:45,05F0439S,05F0494S,42,0,0
2023/10/15 06:45,05F0439S,05F0494S,5,0,0
2023/10/15 06:50,05F0000S,05F0055S,31,252,96
2023/10/15 06:50,05F0000S,05F0055S,32,254,31
2023/10/15 06:50,05F0000S,05F0055S,41,260,3
2023/10/15 06:50,05F0000S,05F0055S,42,0,0
2023/10/15 06:50,05F0000S,05F0055S,5,0,0
2023/10/15 06:50,05F0055S,05F0287S,31,1004,97
2023/10/15 06:50,05F0055S,05F0287S,32,1022,23
2023/10/15 06:50,05F0055S,05F0287S,41,1037,2
2023/10/15 06:50,05F0055S,05F0287S,42,0,0
2023/10/15 06:50,05F0055S,05F0287S,5,0,0
2023/10/15 06:50,05F0287S,05F0309S,31,85,53
2023/10/15 06:50,05F0287S,05F0309S,32,86,15
2023/10/15 06:50,05F0287S,05F0309S,41,93,1
2023/10/15 06:50,05F0287S,05F0309S,42,0,0
2023/10/15 06:50,05F0287S,05F0309S,5,0,0
2023/10/15 06:50,05F0309S,05F0439S,31,476,39
2023/10/15 06:50,05F0309S,05F0439S,32,459,17
2023/10/15 06:50,05F0309S,05F0439S,41,0,0
2023/10/15 06:50,05F0309S,05F0439S,42,492,1
2023/10/15 06:50,05F0309S,05F0439S,5,584,1
2023/10/15 06:50,05F0439S,05F0494S,31,200,16
2023/10/15 06:50,05F0439S,05F0494S,32,205,5
2023/10/15 06:50,05F0439S,05F0494S,41,204,2
2023/10/15 06:50,05F0439S,05F0494S,42,0,0
2023/10/15 06:50,05F0439S,05F0494S,5,224,1
2023/10/15 06:55,05F0000S,05F0055S,31,249,84
2023/10/15 06:55,05F0000S,05F0055S,32,256,16
2023/10/15 06:55,05F0000S,05F0055S,41,279,5
2023/10/15 06:55,05F0000S,05F0055S,42,0,0
2023/10/15 06:55,05F0000S,05F0055S,5,0,0
2023/10/15 06:55,05F0055S,05F0287S,31,985,77
2023/10/15 06:55,05F0055S,05F0287S,32,1001,27
2023/10/15 06:55,05F0055S,05F0287S,41,1051,6
2023/10/15 06:55,05F0055S,05F0287S,42,0,0
2023/10/15 06:55,05F0055S,05F0287S,5,0,0
2023/10/15 06:55,05F0287S,05F0309S,31,86,56
2023/10/15 06:55,05F0287S,05F0309S,32,88,17
2023/10/15 06:55,05F0287S,05F0309S,41,0,0
2023/10/15 06:55,05F0287S,05F0309S,42,0,0
2023/10/15 06:55,05F0287S,05F0309S,5,0,0
2023/10/15 06:55,05F0309S,05F0439S,31,460,28
2023/10/15 06:55,05F0309S,05F0439S,32,478,10
2023/10/15 06:55,05F0309S,05F0439S,41,0,0
2023/10/15 06:55,05F0309S,05F0439S,42,0,0
2023/10/15 06:55,05F0309S,05F0439S,5,505,3
2023/10/15 06:55,05F0439S,05F0494S,31,194,24
2023/10/15 06:55,05F0439S,05F0494S,32,193,8
2023/10/15 06:55,05F0439S,05F0494S,41,0,0
2023/10/15 06:55,05F0439S,05F0494S,42,0,0
2023/10/15 06:55,05F0439S,05F0494S,5,233,1
2023/10/15 07:00,05F0000S,05F0055S,31,250,78
2023/10/15 07:00,05F0000S,05F0055S,32,253,22
2023/10/15 07:00,05F0000S,05F0055S,41,259,9
2023/10/15 07:00,05F0000S,05F0055S,42,0,0
2023/10/15 07:00,05F0000S,05F0055S,5,0,0
2023/10/15 07:00,05F0055S,05F0287S,31,1005,79
2023/10/15 07:00,05F0055S,05F0287S,32,1004,26
2023/10/15 07:00,05F0055S,05F0287S,41,988,2
2023/10/15 07:00,05F0055S,05F0287S,42,0,0
2023/10/15 07:00,05F0055S,05F0287S,5,0,0
2023/10/15 07:00,05F0287S,05F0309S,31,85,51
2023/10/15 07:00,05F0287S,05F0309S,32,91,19
2023/10/15 07:00,05F0287S,05F0309S,41,86,2
2023/10/15 07:00,05F0287S,05F0309S,42,0,0
2023/10/15 07:00,05F0287S,05F0309S,5,0,0
2023/10/15 07:00,05F0309S,05F0439S,31,481,45
2023/10/15 07:00,05F0309S,05F0439S,32,494,14
2023/10/15 07:00,05F0309S,05F0439S,41,536,1
2023/10/15 07:00,05F0309S,05F0439S,42,0,0
2023/10/15 07:00,05F0309S,05F0439S,5,522,1
2023/10/15 07:00,05F0439S,05F0494S,31,187,12
2023/10/15 07:00,05F0439S,05F0494S,32,201,7
2023/10/15 07:00,05F0439S,05F0494S,41,0,0
2023/10/15 07:00,05F0439S,05F0494S,42,0,0
2023/10/15 07:00,05F0439S,05F0494S,5,0,0
2023/10/15 07:05,05F0000S,05F0055S,31,256,82
2023/10/15 07:05,05F0000S,05F0055S,32,253,29
2023/10/15 07:05,05F0000S,05F0055S,41,282,10
2023/10/15 07:05,05F0000S,05F0055S,42,0,0
2023/10/15 07:05,05F0000S,05F0055S,5,0,0
2023/10/15 07:05,05F0055S,05F0287S,31,1020,103
2023/10/15 07:05,05F0055S,05F0287S,32,1021,30
2023/10/15 07:05,05F0055S,05F0287S,41,1169,7
2023/10/15 07:05,05F0055S,05F0287S,42,0,0
2023/10/15 07:05,05F0055S,05F0287S,5,0,0
2023/10/15 07:05,05F0287S,05F0309S,31,85,60
2023/10/15 07:05,05F0287S,05F0309S,32,89,23
2023/10/15 07:05,05F0287S,05F0309S,41,92,4
2023/10/15 07:05,05F0287S,05F0309S,42,0,0
2023/10/15 07:05,05F0287S,05F0309S,5,0,0
2023/10/15 07:05,05F0309S,05F0439S,31,449,29
2023/10/15 07:05,05F0309S,05F0439S,32,493,13
2023/10/15 07:05,05F0309S,05F0439S,41,0,0
2023/10/15 07:05,05F0309S,05F0439S,42,0,0
2023/10/15 07:05,05F0309S,05F0439S,5,508,1
2023/10/15 07:05,05F0439S,05F0494S,31,200,32
2023/10/15 07:05,05F0439S,05F0494S,32,209,6
2023/10/15 07:05,05F0439S,05F0494S,41,0,0
2023/10/15 07:05,05F0439S,05F0494S,42,0,0
2023/10/15 07:05,05F0439S,05F0494S,5,222,1
2023/10/15 07:10,05F0000S,05F0055S,31,270,113
2023/10/15 07:10,05F0000S,05F0055S,32,269,27
2023/10/15 07:10,05F0000S,05F0055S,41,283,19
2023/10/15 07:10,05F0000S,05F0055S,42,0,0
2023/10/15 07:10,05F0000S,05F0055S,5,0,0
2023/10/15 07:10,05F0055S,05F0287S,31,1024,88
2023/10/15 07:10,05F0055S,05F0287S,32,1031,24
2023/10/15 07:10,05F0055S,05F0287S,41,1087,4
2023/10/15 07:10,05F0055S,05F0287S,42,0,0
2023/10/15 07:10,05F0055S,05F0287S,5,0,0
2023/10/15 07:10,05F0287S,05F0309S,31,88,51
2023/10/15 07:10,05F0287S,05F0309S,32,86,18
2023/10/15 07:10,05F0287S,05F0309S,41,97,2
2023/10/15 07:10,05F0287S,05F0309S,42,0,0
2023/10/15 07:10,05F0287S,05F0309S,5,0,0
2023/10/15 07:10,05F0309S,05F0439S,31,476,27
2023/10/15 07:10,05F0309S,05F0439S,32,524,13
2023/10/15 07:10,05F0309S,05F0439S,41,488,1
2023/10/15 07:10,05F0309S,05F0439S,42,567,1
2023/10/15 07:10,05F0309S,05F0439S,5,634,2
2023/10/15 07:10,05F0439S,05F0494S,31,192,19
2023/10/15 07:10,05F0439S,05F0494S,32,203,7
2023/10/15 07:10,05F0439S,05F0494S,41,0,0
2023/10/15 07:10,05F0439S,05F0494S,42,0,0
2023/10/15 07:10,05F0439S,05F0494S,5,261,2
2023/10/15 07:15,05F0000S,05F0055S,31,260,117
2023/10/15 07:15,05F0000S,05F0055S,32,255,25
2023/10/15 07:15,05F0000S,05F0055S,41,272,6
2023/10/15 07:15,05F0000S,05F0055S,42,0,0
2023/10/15 07:15,05F0000S,05F0055S,5,0,0
2023/10/15 07:15,05F0055S,05F0287S,31,987,79
2023/10/15 07:15,05F0055S,05F0287S,32,995,21
2023/10/15 07:15,05F0055S,05F0287S,41,1057,11
2023/10/15 07:15,05F0055S,05F0287S,42,0,0
2023/10/15 07:15,05F0055S,05F0287S,5,0,0
2023/10/15 07:15,05F0287S,05F0309S,31,86,72
2023/10/15 07:15,05F0287S,05F0309S,32,89,18
2023/10/15 07:15,05F0287S,05F0309S,41,92,7
2023/10/15 07:15,05F0287S,05F0309S,42,0,0
2023/10/15 07:15,05F0287S,05F0309S,5,0,0
2023/10/15 07:15,05F0309S,05F0439S,31,468,35
2023/10/15 07:15,05F0309S,05F0439S,32,474,17
2023/10/15 07:15,05F0309S,05F0439S,41,530,4
2023/10/15 07:15,05F0309S,05F0439S,42,0,0
2023/10/15 07:15,05F0309S,05F0439S,5,557,2
2023/10/15 07:15,05F0439S,05F0494S,31,204,22
2023/10/15 07:15,05F0439S,05F0494S,32,213,9
2023/10/15 07:15,05F0439S,05F0494S,41,0,0
2023/10/15 07:15,05F0439S,05F0494S,42,251,1
2023/10/15 07:15,05F0439S,05F0494S,5,0,0
2023/10/15 07:20,05F0000S,05F0055S,31,265,102
2023/10/15 07:20,05F0000S,05F0055S,32,265,21
2023/10/15 07:20,05F0000S,05F0055S,41,278,8
2023/10/15 07:20,05F0000S,05F0055S,42,0,0
2023/10/15 07:20,05F0000S,05F0055S,5,0,0
2023/10/15 07:20,05F0055S,05F0287S,31,1028,81
2023/10/15 07:20,05F0055S,05F0287S,32,1027,27
2023/10/15 07:20,05F0055S,05F0287S,41,1115,5
2023/10/15 07:20,05F0055S,05F0287S,42,0,0
2023/10/15 07:20,05F0055S,05F0287S,5,0,0
2023/10/15 07:20,05F0287S,05F0309S,31,91,50
2023/10/15 07:20,05F0287S,05F0309S,32,93,14
2023/10/15 07:20,05F0287S,05F0309S,41,89,3
2023/10/15 07:20,05F0287S,05F0309S,42,0,0
2023/10/15 07:20,05F0287S,05F0309S,5,0,0
2023/10/15 07:20,05F0309S,05F0439S,31,463,49
2023/10/15 07:20,05F0309S,05F0439S,32,495,13
2023/10/15 07:20,05F0309S,05F0439S,41,559,4
2023/10/15 07:20,05F0309S,05F0439S,42,570,1
2023/10/15 07:20,05F0309S,05F0439S,5,0,0
2023/10/15 07:20,05F0439S,05F0494S,31,196,23
2023/10/15 07:20,05F0439S,05F0494S,32,200,12
2023/10/15 07:20,05F0439S,05F0494S,41,209,2
2023/10/15 07:20,05F0439S,05F0494S,42,248,1
2023/10/15 07:20,05F0439S,05F0494S,5,215,1
2023/10/15 07:25,05F0000S,05F0055S,31,261,95
2023/10/15 07:25,05F0000S,05F0055S,32,265,27
2023/10/15 07:25,05F0000S,05F0055S,41,280,8
2023/10/15 07:25,05F0000S,05F0055S,42,0,0
2023/10/15 07:25,05F0000S,05F0055S,5,0,0
2023/10/15 07:25,05F0055S,05F0287S,31,1017,79
2023/10/15 07:25,05F0055S,05F0287S,32,1033,20
2023/10/15 07:25,05F0055S,05F0287S,41,1109,18
2023/10/15 07:25,05F0055S,05F0287S,42,0,0
2023/10/15 07:25,05F0055S,05F0287S,5,0,0
2023/10/15 07:25,05F0287S,05F0309S,31,85,50
2023/10/15 07:25,05F0287S,05F0309S,32,84,14
2023/10/15 07:25,05F0287S,05F0309S,41,94,9
2023/10/15 07:25,05F0287S,05F0309S,42,0,0
2023/10/15 07:25,05F0287S,05F0309S,5,0,0
2023/10/15 07:25,05F0309S,05F0439S,31,494,39
2023/10/15 07:25,05F0309S,05F0439S,32,492,10
2023/10/15 07:25,05F0309S,05F0439S,41,499,5
2023/10/15 07:25,05F0309S,05F0439S,42,0,0
2023/10/15 07:25,05F0309S,05F0439S,5,529,2
2023/10/15 07:25,05F0439S,05F0494S,31,207,28
2023/10/15 07:25,05F0439S,05F0494S,32,200,7
2023/10/15 07:25,05F0439S,05F0494S,41,235,5
2023/10/15 07:25,05F0439S,05F0494S,42,241,1
2023/10/15 07:25,05F0439S,05F0494S,5,0,0
2023/10/15 07:30,05F0000S,05F0055S,31,256,88
2023/10/15 07:30,05F0000S,05F0055S,32,257,18
2023/10/15 07:30,05F0000S,05F0055S,41,275,15
2023/10/15 07:30,05F0000S,05F0055S,42,0,0
2023/10/15 07:30,05F0000S,05F0055S,5,0,0
2023/10/15 07:30,05F0055S,05F0287S,31,1054,112
2023/10/15 07:30,05F0055S,05F0287S,32,1057,28
2023/10/15 07:30,05F0055S,05F0287S,41,1103,15
2023/10/15 07:30,05F0055S,05F0287S,42,0,0
2023/10/15 07:30,05F0055S,05F0287S,5,0,0
2023/10/15 07:30,05F0287S,05F0309S,31,89,69
2023/10/15 07:30,05F0287S,05F0309S,32,91,16
2023/10/15 07:30,05F0287S,05F0309S,41,95,13
2023/10/15 07:30,05F0287S,05F0309S,42,0,0
2023/10/15 07:30,05F0287S,05F0309S,5,0,0
2023/10/15 07:30,05F0309S,05F0439S,31,471,34
2023/10/15 07:30,05F0309S,05F0439S,32,490,13
2023/10/15 07:30,05F0309S,05F0439S,41,498,1
2023/10/15 07:30,05F0309S,05F0439S,42,0,0
2023/10/15 07:30,05F0309S,05F0439S,5,522,2
2023/10/15 07:30,05F0439S,05F0494S,31,205,28
2023/10/15 07:30,05F0439S,05F0494S,32,205,8
2023/10/15 07:30,05F0439S,05F0494S,41,204,5
2023/10/15 07:30,05F0439S,05F0494S,42,0,0
2023/10/15 07:30,05F0439S,05F0494S,5,217,2
2023/10/15 07:35,05F0000S,05F0055S,31,261,114
2023/10/15 07:35,05F0000S,05F0055S,32,264,20
2023/10/15 07:35,05F0000S,05F0055S,41,294,18
2023/10/15 07:35,05F0000S,05F0055S,42,0,0
2023/10/15 07:35,05F0000S,05F0055S,5,0,0
2023/10/15 07:35,05F0055S,05F0287S,31,1054,117
2023/10/15 07:35,05F0055S,05F0287S,32,1057,18
2023/10/15 07:35,05F0055S,05F0287S,41,1078,7
2023/10/15 07:35,05F0055S,05F0287S,42,0,0
2023/10/15 07:35,05F0055S,05F0287S,5,0,0
2023/10/15 07:35,05F0287S,05F0309S,31,88,70
2023/10/15 07:35,05F0287S,05F0309S,32,91,19
2023/10/15 07:35,05F0287S,05F0309S,41,97,7
2023/10/15 07:35,05F0287S,05F0309S,42,0,0
2023/10/15 07:35,05F0287S,05F0309S,5,0,0
2023/10/15 07:35,05F0309S,05F0439S,31,486,36
2023/10/15 07:35,05F0309S,05F0439S,32,459,4
2023/10/15 07:35,05F0309S,05F0439S,41,517,11
2023/10/15 07:35,05F0309S,05F0439S,42,0,0
2023/10/15 07:35,05F0309S,05F0439S,5,591,2
2023/10/15 07:35,05F0439S,05F0494S,31,194,22
2023/10/15 07:35,05F0439S,05F0494S,32,203,6
2023/10/15 07:35,05F0439S,05F0494S,41,203,1
2023/10/15 07:35,05F0439S,05F0494S,42,0,0
2023/10/15 07:35,05F0439S,05F0494S,5,213,3
2023/10/15 07:40,05F0000S,05F0055S,31,254,90
2023/10/15 07:40,05F0000S,05F0055S,32,258,23
2023/10/15 07:40,05F0000S,05F0055S,41,264,11
2023/10/15 07:40,05F0000S,05F0055S,42,0,0
2023/10/15 07:40,05F0000S,05F0055S,5,0,0
2023/10/15 07:40,05F0055S,05F0287S,31,1049,111
2023/10/15 07:40,05F0055S,05F0287S,32,1053,29
2023/10/15 07:40,05F0055S,05F0287S,41,1112,5
2023/10/15 07:40,05F0055S,05F0287S,42,0,0
2023/10/15 07:40,05F0055S,05F0287S,5,0,0
2023/10/15 07:40,05F0287S,05F0309S,31,90,74
2023/10/15 07:40,05F0287S,05F0309S,32,90,16
2023/10/15 07:40,05F0287S,05F0309S,41,88,2
2023/10/15 07:40,05F0287S,05F0309S,42,0,0
2023/10/15 07:40,05F0287S,05F0309S,5,0,0
2023/10/15 07:40,05F0309S,05F0439S,31,489,42
2023/10/15 07:40,05F0309S,05F0439S,32,489,12
2023/10/15 07:40,05F0309S,05F0439S,41,530,7
2023/10/15 07:40,05F0309S,05F0439S,42,0,0
2023/10/15 07:40,05F0309S,05F0439S,5,515,1
2023/10/15 07:40,05F0439S,05F0494S,31,209,15
2023/10/15 07:40,05F0439S,05F0494S,32,220,3
2023/10/15 07:40,05F0439S,05F0494S,41,215,10
2023/10/15 07:40,05F0439S,05F0494S,42,258,1
2023/10/15 07:40,05F0439S,05F0494S,5,280,1
2023/10/15 07:45,05F0000S,05F0055S,31,260,101
2023/10/15 07:45,05F0000S,05F0055S,32,258,23
2023/10/15 07:45,05F0000S,05F0055S,41,291,4
2023/10/15 07:45,05F0000S,05F0055S,42,0,0
2023/10/15 07:45,05F0000S,05F0055S,5,0,0
2023/10/15 07:45,05F0055S,05F0287S,31,1032,102
2023/10/15 07:45,05F0055S,05F0287S,32,1032,23
2023/10/15 07:45,05F0055S,05F0287S,41,1104,20
2023/10/15 07:45,05F0055S,05F0287S,42,0,0
2023/10/15 07:45,05F0055S,05F0287S,5,0,0
2023/10/15 07:45,05F0287S,05F0309S,31,84,67
2023/10/15 07:45,05F0287S,05F0309S,32,90,20
2023/10/15 07:45,05F0287S,05F0309S,41,92,11
2023/10/15 07:45,05F0287S,05F0309S,42,0,0
2023/10/15 07:45,05F0287S,05F0309S,5,0,0
2023/10/15 07:45,05F0309S,05F0439S,31,497,42
2023/10/15 07:45,05F0309S,05F0439S,32,499,9
2023/10/15 07:45,05F0309S,05F0439S,41,521,1
2023/10/15 07:45,05F0309S,05F0439S,42,0,0
2023/10/15 07:45,05F0309S,05F0439S,5,509,5
2023/10/15 07:45,05F0439S,05F0494S,31,205,24
2023/10/15 07:45,05F0439S,05F0494S,32,198,8
2023/10/15 07:45,05F0439S,05F0494S,41,238,4
2023/10/15 07:45,05F0439S,05F0494S,42,0,0
2023/10/15 07:45,05F0439S,05F0494S,5,205,2
2023/10/15 07:50,05F0000S,05F0055S,31,255,80
2023/10/15 07:50,05F0000S,05F0055S,32,269,19
2023/10/15 07:50,05F0000S,05F0055S,41,1306,9
2023/10/15 07:50,05F0000S,05F0055S,42,0,0
2023/10/15 07:50,05F0000S,05F0055S,5,0,0
2023/10/15 07:50,05F0055S,05F0287S,31,1008,90
2023/10/15 07:50,05F0055S,05F0287S,32,1012,17
2023/10/15 07:50,05F0055S,05F0287S,41,1064,11
2023/10/15 07:50,05F0055S,05F0287S,42,0,0
2023/10/15 07:50,05F0055S,05F0287S,5,0,0
2023/10/15 07:50,05F0287S,05F0309S,31,87,65
2023/10/15 07:50,05F0287S,05F0309S,32,87,14
2023/10/15 07:50,05F0287S,05F0309S,41,91,11
2023/10/15 07:50,05F0287S,05F0309S,42,0,0
2023/10/15 07:50,05F0287S,05F0309S,5,0,0
2023/10/15 07:50,05F0309S,05F0439S,31,482,60
2023/10/15 07:50,05F0309S,05F0439S,32,495,16
2023/10/15 07:50,05F0309S,05F0439S,41,473,1
2023/10/15 07:50,05F0309S,05F0439S,42,0,0
2023/10/15 07:50,05F0309S,05F0439S,5,530,1
2023/10/15 07:50,05F0439S,05F0494S,31,213,23
2023/10/15 07:50,05F0439S,05F0494S,32,207,10
2023/10/15 07:50,05F0439S,05F0494S,41,0,0
2023/10/15 07:50,05F0439S,05F0494S,42,240,1
2023/10/15 07:50,05F0439S,05F0494S,5,225,2
2023/10/15 07:55,05F0000S,05F0055S,31,269,94
2023/10/15 07:55,05F0000S,05F0055S,32,263,22
2023/10/15 07:55,05F0000S,05F0055S,41,292,9
2023/10/15 07:55,05F0000S,05F0055S,42,0,0
2023/10/15 07:55,05F0000S,05F0055S,5,0,0
2023/10/15 07:55,05F0055S,05F0287S,31,1040,102
2023/10/15 07:55,05F0055S,05F0287S,32,1053,21
2023/10/15 07:55,05F0055S,05F0287S,41,1133,20
2023/10/15 07:55,05F0055S,05F0287S,42,0,0
2023/10/15 07:55,05F0055S,05F0287S,5,0,0
2023/10/15 07:55,05F0287S,05F0309S,31,84,69
2023/10/15 07:55,05F0287S,05F0309S,32,88,10
2023/10/15 07:55,05F0287S,05F0309S,41,93,11
2023/10/15 07:55,05F0287S,05F0309S,42,0,0
2023/10/15 07:55,05F0287S,05F0309S,5,0,0
2023/10/15 07:55,05F0309S,05F0439S,31,479,44
2023/10/15 07:55,05F0309S,05F0439S,32,480,16
2023/10/15 07:55,05F0309S,05F0439S,41,518,12
2023/10/15 07:55,05F0309S,05F0439S,42,0,0
2023/10/15 07:55,05F0309S,05F0439S,5,584,2
2023/10/15 07:55,05F0439S,05F0494S,31,200,23
2023/10/15 07:55,05F0439S,05F0494S,32,212,10
2023/10/15 07:55,05F0439S,05F0494S,41,214,4
2023/10/15 07:55,05F0439S,05F0494S,42,0,0
2023/10/15 07:55,05F0439S,05F0494S,5,0,0
2023/10/15 08:00,05F0000S,05F0055S,31,254,81
2023/10/15 08:00,05F0000S,05F0055S,32,255,24
2023/10/15 08:00,05F0000S,05F0055S,41,276,20
2023/10/15 08:00,05F0000S,05F0055S,42,0,0
2023/10/15 08:00,05F0000S,05F0055S,5,0,0
2023/10/15 08:00,05F0055S,05F0287S,31,1017,103
2023/10/15 08:00,05F0055S,05F0287S,32,1019,34
2023/10/15 08:00,05F0055S,05F0287S,41,1094,7
2023/10/15 08:00,05F0055S,05F0287S,42,0,0
2023/10/15 08:00,05F0055S,05F0287S,5,0,0
2023/10/15 08:00,05F0287S,05F0309S,31,87,69
2023/10/15 08:00,05F0287S,05F0309S,32,90,19
2023/10/15 08:00,05F0287S,05F0309S,41,97,15
2023/10/15 08:00,05F0287S,05F0309S,42,0,0
2023/10/15 08:00,05F0287S,05F0309S,5,0,0
2023/10/15 08:00,05F0309S,05F0439S,31,469,57
2023/10/15 08:00,05F0309S,05F0439S,32,505,9
2023/10/15 08:00,05F0309S,05F0439S,41,509,6
2023/10/15 08:00,05F0309S,05F0439S,42,0,0
2023/10/15 08:00,05F0309S,05F0439S,5,560,1
2023/10/15 08:00,05F0439S,05F0494S,31,201,22
2023/10/15 08:00,05F0439S,05F0494S,32,216,7
2023/10/15 08:00,05F0439S,05F0494S,41,219,7
2023/10/15 08:00,05F0439S,05F0494S,42,233,1
2023/10/15 08:00,05F0439S,05F0494S,5,0,0
2023/10/15 08:05,05F0000S,05F0055S,31,261,77
2023/10/15 08:05,05F0000S,05F0055S,32,253,27
2023/10/15 08:05,05F0000S,05F0055S,41,273,6
2023/10/15 08:05,05F0000S,05F0055S,42,258,1
2023/10/15 08:05,05F0000S,05F0055S,5,0,0
2023/10/15 08:05,05F0055S,05F0287S,31,1058,70
2023/10/15 08:05,05F0055S,05F0287S,32,1056,19
2023/10/15 08:05,05F0055S,05F0287S,41,1068,9
2023/10/15 08:05,05F0055S,05F0287S,42,0,0
2023/10/15 08:05,05F0055S,05F0287S,5,0,0
2023/10/15 08:05,05F0287S,05F0309S,31,89,61
2023/10/15 08:05,05F0287S,05F0309S,32,90,13
2023/10/15 08:05,05F0287S,05F0309S,41,93,6
2023/10/15 08:05,05F0287S,05F0309S,42,0,0
2023/10/15 08:05,05F0287S,05F0309S,5,0,0
2023/10/15 08:05,05F0309S,05F0439S,31,488,37
2023/10/15 08:05,05F0309S,05F0439S,32,483,8
2023/10/15 08:05,05F0309S,05F0439S,41,557,16
2023/10/15 08:05,05F0309S,05F0439S,42,0,0
2023/10/15 08:05,05F0309S,05F0439S,5,590,1
2023/10/15 08:05,05F0439S,05F0494S,31,199,32
2023/10/15 08:05,05F0439S,05F0494S,32,215,7
2023/10/15 08:05,05F0439S,05F0494S,41,214,2
2023/10/15 08:05,05F0439S,05F0494S,42,1340,1
2023/10/15 08:05,05F0439S,05F0494S,5,236,1
2023/10/15 08:10,05F0000S,05F0055S,31,258,103
2023/10/15 08:10,05F0000S,05F0055S,32,253,22
2023/10/15 08:10,05F0000S,05F0055S,41,274,4
2023/10/15 08:10,05F0000S,05F0055S,42,0,0
2023/10/15 08:10,05F0000S,05F0055S,5,0,0
2023/10/15 08:10,05F0055S,05F0287S,31,1017,93
2023/10/15 08:10,05F0055S,05F0287S,32,1009,22
2023/10/15 08:10,05F0055S,05F0287S,41,1062,10
2023/10/15 08:10,05F0055S,05F0287S,42,0,0
2023/10/15 08:10,05F0055S,05F0287S,5,0,0
2023/10/15 08:10,05F0287S,05F0309S,31,84,51
2023/10/15 08:10,05F0287S,05F0309S,32,88,18
2023/10/15 08:10,05F0287S,05F0309S,41,91,11
2023/10/15 08:10,05F0287S,05F0309S,42,0,0
2023/10/15 08:10,05F0287S,05F0309S,5,0,0
2023/10/15 08:10,05F0309S,05F0439S,31,489,43
2023/10/15 08:10,05F0309S,05F0439S,32,480,15
2023/10/15 08:10,05F0309S,05F0439S,41,505,5
2023/10/15 08:10,05F0309S,05F0439S,42,568,1
2023/10/15 08:10,05F0309S,05F0439S,5,593,1
2023/10/15 08:10,05F0439S,05F0494S,31,201,22
2023/10/15 08:10,05F0439S,05F0494S,32,200,8
2023/10/15 08:10,05F0439S,05F0494S,41,236,16
2023/10/15 08:10,05F0439S,05F0494S,42,241,2
2023/10/15 08:10,05F0439S,05F0494S,5,0,0
2023/10/15 08:15,05F0000S,05F0055S,31,256,90
2023/10/15 08:15,05F0000S,05F0055S,32,255,40
2023/10/15 08:15,05F0000S,05F0055S,41,273,9
2023/10/15 08:15,05F0000S,05F0055S,42,0,0
2023/10/15 08:15,05F0000S,05F0055S,5,0,0
2023/10/15 08:15,05F0055S,05F0287S,31,1023,103
2023/10/15 08:15,05F0055S,05F0287S,32,1024,28
2023/10/15 08:15,05F0055S,05F0287S,41,1036,7
2023/10/15 08:15,05F0055S,05F0287S,42,0,0
2023/10/15 08:15,05F0055S,05F0287S,5,0,0
2023/10/15 08:15,05F0287S,05F0309S,31,87,78
2023/10/15 08:15,05F0287S,05F0309S,32,90,22
2023/10/15 08:15,05F0287S,05F0309S,41,91,6
2023/10/15 08:15,05F0287S,05F0309S,42,0,0
2023/10/15 08:15,05F0287S,05F0309S,5,0,0
2023/10/15 08:15,05F0309S,05F0439S,31,476,42
2023/10/15 08:15,05F0309S,05F0439S,32,486,13
2023/10/15 08:15,05F0309S,05F0439S,41,529,3
2023/10/15 08:15,05F0309S,05F0439S,42,0,0
2023/10/15 08:15,05F0309S,05F0439S,5,484,1
2023/10/15 08:15,05F0439S,05F0494S,31,200,33
2023/10/15 08:15,05F0439S,05F0494S,32,210,8
2023/10/15 08:15,05F0439S,05F0494S,41,219,2
2023/10/15 08:15,05F0439S,05F0494S,42,0,0
2023/10/15 08:15,05F0439S,05F0494S,5,205,1
2023/10/15 08:20,05F0000S,05F0055S,31,264,95
2023/10/15 08:20,05F0000S,05F0055S,32,264,25
2023/10/15 08:20,05F0000S,05F0055S,41,276,12
2023/10/15 08:20,05F0000S,05F0055S,42,0,0
2023/10/15 08:20,05F0000S,05F0055S,5,0,0
2023/10/15 08:20,05F0055S,05F0287S,31,1024,76
2023/10/15 08:20,05F0055S,05F0287S,32,1009,21
2023/10/15 08:20,05F0055S,05F0287S,41,1080,21
2023/10/15 08:20,05F0055S,05F0287S,42,0,0
2023/10/15 08:20,05F0055S,05F0287S,5,0,0
2023/10/15 08:20,05F0287S,05F0309S,31,86,56
2023/10/15 08:20,05F0287S,05F0309S,32,88,18
2023/10/15 08:20,05F0287S,05F0309S,41,89,8
2023/10/15 08:20,05F0287S,05F0309S,42,0,0
2023/10/15 08:20,05F0287S,05F0309S,5,0,0
2023/10/15 08:20,05F0309S,05F0439S,31,476,37
2023/10/15 08:20,05F0309S,05F0439S,32,496,18
2023/10/15 08:20,05F0309S,05F0439S,41,519,15
2023/10/15 08:20,05F0309S,05F0439S,42,0,0
2023/10/15 08:20,05F0309S,05F0439S,5,0,0
2023/10/15 08:20,05F0439S,05F0494S,31,205,30
2023/10/15 08:20,05F0439S,05F0494S,32,206,11
2023/10/15 08:20,05F0439S,05F0494S,41,219,2
2023/10/15 08:20,05F0439S,05F0494S,42,0,0
2023/10/15 08:20,05F0439S,05F0494S,5,0,0
2023/10/15 08:25,05F0000S,05F0055S,31,271,117
2023/10/15 08:25,05F0000S,05F0055S,32,267,29
2023/10/15 08:25,05F0000S,05F0055S,41,283,13
2023/10/15 08:25,05F0000S,05F0055S,42,0,0
2023/10/15 08:25,05F0000S,05F0055S,5,0,0
2023/10/15 08:25,05F0055S,05F0287S,31,1018,96
2023/10/15 08:25,05F0055S,05F0287S,32,1011,25
2023/10/15 08:25,05F0055S,05F0287S,41,1088,7
2023/10/15 08:25,05F0055S,05F0287S,42,0,0
2023/10/15 08:25,05F0055S,05F0287S,5,0,0
2023/10/15 08:25,05F0287S,05F0309S,31,91,49
2023/10/15 08:25,05F0287S,05F0309S,32,85,13
2023/10/15 08:25,05F0287S,05F0309S,41,103,16
2023/10/15 08:25,05F0287S,05F0309S,42,0,0
2023/10/15 08:25,05F0287S,05F0309S,5,0,0
2023/10/15 08:25,05F0309S,05F0439S,31,475,46
2023/10/15 08:25,05F0309S,05F0439S,32,495,16
2023/10/15 08:25,05F0309S,05F0439S,41,508,4
2023/10/15 08:25,05F0309S,05F0439S,42,492,1
2023/10/15 08:25,05F0309S,05F0439S,5,0,0
2023/10/15 08:25,05F0439S,05F0494S,31,211,22
2023/10/15 08:25,05F0439S,05F0494S,32,214,18
2023/10/15 08:25,05F0439S,05F0494S,41,215,7
2023/10/15 08:25,05F0439S,05F0494S,42,0,0
2023/10/15 08:25,05F0439S,05F0494S,5,204,1
2023/10/15 08:30,05F0000S,05F0055S,31,258,102
2023/10/15 08:30,05F0000S,05F0055S,32,255,28
2023/10/15 08:30,05F0000S,05F0055S,41,276,10
2023/10/15 08:30,05F0000S,05F0055S,42,0,0
2023/10/15 08:30,05F0000S,05F0055S,5,0,0
2023/10/15 08:30,05F0055S,05F0287S,31,1020,80
2023/10/15 08:30,05F0055S,05F0287S,32,1024,24
2023/10/15 08:30,05F0055S,05F0287S,41,1083,8
2023/10/15 08:30,05F0055S,05F0287S,42,0,0
2023/10/15 08:30,05F0055S,05F0287S,5,0,0
2023/10/15 08:30,05F0287S,05F0309S,31,87,77
2023/10/15 08:30,05F0287S,05F0309S,32,85,17
2023/10/15 08:30,05F0287S,05F0309S,41,96,6
2023/10/15 08:30,05F0287S,05F0309S,42,0,0
2023/10/15 08:30,05F0287S,05F0309S,5,0,0
2023/10/15 08:30,05F0309S,05F0439S,31,467,42
2023/10/15 08:30,05F0309S,05F0439S,32,488,9
2023/10/15 08:30,05F0309S,05F0439S,41,521,7
2023/10/15 08:30,05F0309S,05F0439S,42,0,0
2023/10/15 08:30,05F0309S,05F0439S,5,485,1
2023/10/15 08:30,05F0439S,05F0494S,31,193,29
2023/10/15 08:30,05F0439S,05F0494S,32,211,7
2023/10/15 08:30,05F0439S,05F0494S,41,208,1
2023/10/15 08:30,05F0439S,05F0494S,42,0,0
2023/10/15 08:30,05F0439S,05F0494S,5,0,0
2023/10/15 08:35,05F0000S,05F0055S,31,263,73
2023/10/15 08:35,05F0000S,05F0055S,32,263,21
2023/10/15 08:35,05F0000S,05F0055S,41,272,13
2023/10/15 08:35,05F0000S,05F0055S,42,0,0
2023/10/15 08:35,05F0000S,05F0055S,5,0,0
2023/10/15 08:35,05F0055S,05F0287S,31,1020,87
2023/10/15 08:35,05F0055S,05F0287S,32,1017,30
2023/10/15 08:35,05F0055S,05F0287S,41,1068,10
2023/10/15 08:35,05F0055S,05F0287S,42,0,0
2023/10/15 08:35,05F0055S,05F0287S,5,0,0
2023/10/15 08:35,05F0287S,05F0309S,31,88,66
2023/10/15 08:35,05F0287S,05F0309S,32,87,23
2023/10/15 08:35,05F0287S,05F0309S,41,92,7
2023/10/15 08:35,05F0287S,05F0309S,42,0,0
2023/10/15 08:35,05F0287S,05F0309S,5,0,0
2023/10/15 08:35,05F0309S,05F0439S,31,484,49
2023/10/15 08:35,05F0309S,05F0439S,32,473,16
2023/10/15 08:35,05F0309S,05F0439S,41,538,11
2023/10/15 08:35,05F0309S,05F0439S,42,2999,1
2023/10/15 08:35,05F0309S,05F0439S,5,0,0
2023/10/15 08:35,05F0439S,05F0494S,31,204,22
2023/10/15 08:35,05F0439S,05F0494S,32,207,7
2023/10/15 08:35,05F0439S,05F0494S,41,211,4
2023/10/15 08:35,05F0439S,05F0494S,42,0,0
2023/10/15 08:35,05F0439S,05F0494S,5,202,1
2023/10/15 08:40,05F0000S,05F0055S,31,261,101
2023/10/15 08:40,05F0000S,05F0055S,32,265,24
2023/10/15 08:40,05F0000S,05F0055S,41,1230,8
2023/10/15 08:40,05F0000S,05F0055S,42,0,0
2023/10/15 08:40,05F0000S,05F0055S,5,0,0
2023/10/15 08:40,05F0055S,05F0287S,31,1049,105
2023/10/15 08:40,05F0055S,05F0287S,32,1049,36
2023/10/15 08:40,05F0055S,05F0287S,41,1087,7
2023/10/15 08:40,05F0055S,05F0287S,42,0,0
2023/10/15 08:40,05F0055S,05F0287S,5,0,0
2023/10/15 08:40,05F0287S,05F0309S,31,89,74
2023/10/15 08:40,05F0287S,05F0309S,32,87,23
2023/10/15 08:40,05F0287S,05F0309S,41,94,5
2023/10/15 08:40,05F0287S,05F0309S,42,0,0
2023/10/15 08:40,05F0287S,05F0309S,5,0,0
2023/10/15 08:40,05F0309S,05F0439S,31,472,55
2023/10/15 08:40,05F0309S,05F0439S,32,470,12
2023/10/15 08:40,05F0309S,05F0439S,41,497,4
2023/10/15 08:40,05F0309S,05F0439S,42,0,0
2023/10/15 08:40,05F0309S,05F0439S,5,487,2
2023/10/15 08:40,05F0439S,05F0494S,31,203,31
2023/10/15 08:40,05F0439S,05F0494S,32,200,14
2023/10/15 08:40,05F0439S,05F0494S,41,219,3
2023/10/15 08:40,05F0439S,05F0494S,42,257,1
2023/10/15 08:40,05F0439S,05F0494S,5,0,0
2023/10/15 08:45,05F0000S,05F0055S,31,264,107
2023/10/15 08:45,05F0000S,05F0055S,32,261,36
2023/10/15 08:45,05F0000S,05F0055S,41,282,16
2023/10/15 08:45,05F0000S,05F0055S,42,0,0
2023/10/15 08:45,05F0000S,05F0055S,5,0,0
2023/10/15 08:45,05F0055S,05F0287S,31,1045,129
2023/10/15 08:45,05F0055S,05F0287S,32,1052,30
2023/10/15 08:45,05F0055S,05F0287S,41,1083,19
2023/10/15 08:45,05F0055S,05F0287S,42,0,0
2023/10/15 08:45,05F0055S,05F0287S,5,0,0
2023/10/15 08:45,05F0287S,05F0309S,31,88,81
2023/10/15 08:45,05F0287S,05F0309S,32,88,20
2023/10/15 08:45,05F0287S,05F0309S,41,95,16
2023/10/15 08:45,05F0287S,05F0309S,42,0,0
2023/10/15 08:45,05F0287S,05F0309S,5,0,0
2023/10/15 08:45,05F0309S,05F0439S,31,488,39
2023/10/15 08:45,05F0309S,05F0439S,32,486,17
2023/10/15 08:45,05F0309S,05F0439S,41,534,4
2023/10/15 08:45,05F0309S,05F0439S,42,0,0
2023/10/15 08:45,05F0309S,05F0439S,5,0,0
2023/10/15 08:45,05F0439S,05F0494S,31,205,28
2023/10/15 08:45,05F0439S,05F0494S,32,204,7
2023/10/15 08:45,05F0439S,05F0494S,41,204,2
2023/10/15 08:45,05F0439S,05F0494S,42,0,0
2023/10/15 08:45,05F0439S,05F0494S,5,207,1
2023/10/15 08:50,05F0000S,05F0055S,31,268,108
2023/10/15 08:50,05F0000S,05F0055S,32,275,27
2023/10/15 08:50,05F0000S,05F0055S,41,277,9
2023/10/15 08:50,05F0000S,05F0055S,42,0,0
2023/10/15 08:50,05F0000S,05F0055S,5,0,0
2023/10/15 08:50,05F0055S,05F0287S,31,1019,89
2023/10/15 08:50,05F0055S,05F0287S,32,1001,19
2023/10/15 08:50,05F0055S,05F0287S,41,1063,11
2023/10/15 08:50,05F0055S,05F0287S,42,0,0
2023/10/15 08:50,05F0055S,05F0287S,5,0,0
2023/10/15 08:50,05F0287S,05F0309S,31,87,69
2023/10/15 08:50,05F0287S,05F0309S,32,88,14
2023/10/15 08:50,05F0287S,05F0309S,41,91,11
2023/10/15 08:50,05F0287S,05F0309S,42,0,0
2023/10/15 08:50,05F0287S,05F0309S,5,0,0
2023/10/15 08:50,05F0309S,05F0439S,31,476,54
2023/10/15 08:50,05F0309S,05F0439S,32,486,20
2023/10/15 08:50,05F0309S,05F0439S,41,523,9
2023/10/15 08:50,05F0309S,05F0439S,42,0,0
2023/10/15 08:50,05F0309S,05F0439S,5,0,0
2023/10/15 08:50,05F0439S,05F0494S,31,205,27
2023/10/15 08:50,05F0439S,05F0494S,32,199,8
2023/10/15 08:50,05F0439S,05F0494S,41,211,2
2023/10/15 08:50,05F0439S,05F0494S,42,0,0
2023/10/15 08:50,05F0439S,05F0494S,5,203,1
2023/10/15 08:55,05F0000S,05F0055S,31,263,126
2023/10/15 08:55,05F0000S,05F0055S,32,262,32
2023/10/15 08:55,05F0000S,05F0055S,41,265,8
2023/10/15 08:55,05F0000S,05F0055S,42,0,0
2023/10/15 08:55,05F0000S,05F0055S,5,0,0
2023/10/15 08:55,05F0055S,05F0287S,31,1025,87
2023/10/15 08:55,05F0055S,05F0287S,32,1028,21
2023/10/15 08:55,05F0055S,05F0287S,41,1076,14
2023/10/15 08:55,05F0055S,05F0287S,42,0,0
2023/10/15 08:55,05F0055S,05F0287S,5,0,0
2023/10/15 08:55,05F0287S,05F0309S,31,86,62
2023/10/15 08:55,05F0287S,05F0309S,32,85,12
2023/10/15 08:55,05F0287S,05F0309S,41,94,8
2023/10/15 08:55,05F0287S,05F0309S,42,0,0
2023/10/15 08:55,05F0287S,05F0309S,5,0,0
2023/10/15 08:55,05F0309S,05F0439S,31,476,66
2023/10/15 08:55,05F0309S,05F0439S,32,487,21
2023/10/15 08:55,05F0309S,05F0439S,41,511,11
2023/10/15 08:55,05F0309S,05F0439S,42,480,1
2023/10/15 08:55,05F0309S,05F0439S,5,0,0
2023/10/15 08:55,05F0439S,05F0494S,31,200,29
2023/10/15 08:55,05F0439S,05F0494S,32,185,5
2023/10/15 08:55,05F0439S,05F0494S,41,212,6
2023/10/15 08:55,05F0439S,05F0494S,42,0,0
2023/10/15 08:55,05F0439S,05F0494S,5,0,0
2023/10/15 09:00,05F0000S,05F0055S,31,259,90
2023/10/15 09:00,05F0000S,05F0055S,32,259,21
2023/10/15 09:00,05F0000S,05F0055S,41,266,9
2023/10/15 09:00,05F0000S,05F0055S,42,0,0
2023/10/15 09:00,05F0000S,05F0055S,5,0,0
2023/10/15 09:00,05F0055S,05F0287S,31,1032,89
2023/10/15 09:00,05F0055S,05F0287S,32,1030,29
2023/10/15 09:00,05F0055S,05F0287S,41,1091,13
2023/10/15 09:00,05F0055S,05F0287S,42,0,0
2023/10/15 09:00,05F0055S,05F0287S,5,0,0
2023/10/15 09:00,05F0287S,05F0309S,31,87,63
2023/10/15 09:00,05F0287S,05F0309S,32,86,18
2023/10/15 09:00,05F0287S,05F0309S,41,95,7
2023/10/15 09:00,05F0287S,05F0309S,42,0,0
2023/10/15 09:00,05F0287S,05F0309S,5,0,0
2023/10/15 09:00,05F0309S,05F0439S,31,475,54
2023/10/15 09:00,05F0309S,05F0439S,32,456,11
2023/10/15 09:00,05F0309S,05F0439S,41,513,9
2023/10/15 09:00,05F0309S,05F0439S,42,481,1
2023/10/15 09:00,05F0309S,05F0439S,5,0,0
2023/10/15 09:00,05F0439S,05F0494S,31,199,37
2023/10/15 09:00,05F0439S,05F0494S,32,197,14
2023/10/15 09:00,05F0439S,05F0494S,41,208,5
2023/10/15 09:00,05F0439S,05F0494S,42,193,2
2023/10/15 09:00,05F0439S,05F0494S,5,0,0
2023/10/15 09:05,05F0000S,05F0055S,31,270,118
2023/10/15 09:05,05F0000S,05F0055S,32,266,28
2023/10/15 09:05,05F0000S,05F0055S,41,275,5
2023/10/15 09:05,05F0000S,05F0055S,42,0,0
2023/10/15 09:05,05F0000S,05F0055S,5,0,0
2023/10/15 09:05,05F0055S,05F0287S,31,1016,87
2023/10/15 09:05,05F0055S,05F0287S,32,1017,27
2023/10/15 09:05,05F0055S,05F0287S,41,1082,13
2023/10/15 09:05,05F0055S,05F0287S,42,0,0
2023/10/15 09:05,05F0055S,05F0287S,5,0,0
2023/10/15 09:05,05F0287S,05F0309S,31,87,65
2023/10/15 09:05,05F0287S,05F0309S,32,85,23
2023/10/15 09:05,05F0287S,05F0309S,41,94,13
2023/10/15 09:05,05F0287S,05F0309S,42,0,0
2023/10/15 09:05,05F0287S,05F0309S,5,0,0
2023/10/15 09:05,05F0309S,05F0439S,31,491,41
2023/10/15 09:05,05F0309S,05F0439S,32,482,12
2023/10/15 09:05,05F0309S,05F0439S,41,497,6
2023/10/15 09:05,05F0309S,05F0439S,42,0,0
2023/10/15 09:05,05F0309S,05F0439S,5,534,1
2023/10/15 09:05,05F0439S,05F0494S,31,210,24
2023/10/15 09:05,05F0439S,05F0494S,32,212,5
2023/10/15 09:05,05F0439S,05F0494S,41,0,0
2023/10/15 09:05,05F0439S,05F0494S,42,0,0
2023/10/15 09:05,05F0439S,05F0494S,5,229,1
2023/10/15 09:10,05F0000S,05F0055S,31,268,127
2023/10/15 09:10,05F0000S,05F0055S,32,276,35
2023/10/15 09:10,05F0000S,05F0055S,41,283,4
2023/10/15 09:10,05F0000S,05F0055S,42,0,0
2023/10/15 09:10,05F0000S,05F0055S,5,0,0
2023/10/15 09:10,05F0055S,05F0287S,31,1049,131
2023/10/15 09:10,05F0055S,05F0287S,32,1050,36
2023/10/15 09:10,05F0055S,05F0287S,41,1092,10
2023/10/15 09:10,05F0055S,05F0287S,42,0,0
2023/10/15 09:10,05F0055S,05F0287S,5,0,0
2023/10/15 09:10,05F0287S,05F0309S,31,87,67
2023/10/15 09:10,05F0287S,05F0309S,32,87,20
2023/10/15 09:10,05F0287S,05F0309S,41,93,9
2023/10/15 09:10,05F0287S,05F0309S,42,0,0
2023/10/15 09:10,05F0287S,05F0309S,5,0,0
2023/10/15 09:10,05F0309S,05F0439S,31,481,45
2023/10/15 09:10,05F0309S,05F0439S,32,481,15
2023/10/15 09:10,05F0309S,05F0439S,41,517,7
2023/10/15 09:10,05F0309S,05F0439S,42,0,0
2023/10/15 09:10,05F0309S,05F0439S,5,482,2
2023/10/15 09:10,05F0439S,05F0494S,31,196,34
2023/10/15 09:10,05F0439S,05F0494S,32,198,5
2023/10/15 09:10,05F0439S,05F0494S,41,206,5
2023/10/15 09:10,05F0439S,05F0494S,42,0,0
2023/10/15 09:10,05F0439S,05F0494S,5,225,1
2023/10/15 09:15,05F0000S,05F0055S,31,260,111
2023/10/15 09:15,05F0000S,05F0055S,32,265,25
2023/10/15 09:15,05F0000S,05F0055S,41,262,9
2023/10/15 09:15,05F0000S,05F0055S,42,0,0
2023/10/15 09:15,05F0000S,05F0055S,5,0,0
2023/10/15 09:15,05F0055S,05F0287S,31,1029,104
2023/10/15 09:15,05F0055S,05F0287S,32,1031,31
2023/10/15 09:15,05F0055S,05F0287S,41,1070,8
2023/10/15 09:15,05F0055S,05F0287S,42,0,0
2023/10/15 09:15,05F0055S,05F0287S,5,0,0
2023/10/15 09:15,05F0287S,05F0309S,31,87,90
2023/10/15 09:15,05F0287S,05F0309S,32,88,14
2023/10/15 09:15,05F0287S,05F0309S,41,94,7
2023/10/15 09:15,05F0287S,05F0309S,42,0,0
2023/10/15 09:15,05F0287S,05F0309S,5,0,0
2023/10/15 09:15,05F0309S,05F0439S,31,498,43
2023/10/15 09:15,05F0309S,05F0439S,32,490,12
2023/10/15 09:15,05F0309S,05F0439S,41,521,9
2023/10/15 09:15,05F0309S,05F0439S,42,0,0
2023/10/15 09:15,05F0309S,05F0439S,5,530,3
2023/10/15 09:15,05F0439S,05F0494S,31,205,41
2023/10/15 09:15,05F0439S,05F0494S,32,195,7
2023/10/15 09:15,05F0439S,05F0494S,41,226,3
2023/10/15 09:15,05F0439S,05F0494S,42,0,0
2023/10/15 09:15,05F0439S,05F0494S,5,208,3
2023/10/15 09:20,05F0000S,05F0055S,31,255,121
2023/10/15 09:20,05F0000S,05F0055S,32,257,21
2023/10/15 09:20,05F0000S,05F0055S,41,253,4
2023/10/15 09:20,05F0000S,05F0055S,42,0,0
2023/10/15 09:20,05F0000S,05F0055S,5,0,0
2023/10/15 09:20,05F0055S,05F0287S,31,1013,117
2023/10/15 09:20,05F0055S,05F0287S,32,1020,20
2023/10/15 09:20,05F0055S,05F0287S,41,1053,11
2023/10/15 09:20,05F0055S,05F0287S,42,0,0
2023/10/15 09:20,05F0055S,05F0287S,5,0,0
2023/10/15 09:20,05F0287S,05F0309S,31,88,77
2023/10/15 09:20,05F0287S,05F0309S,32,88,13
2023/10/15 09:20,05F0287S,05F0309S,41,91,4
2023/10/15 09:20,05F0287S,05F0309S,42,0,0
2023/10/15 09:20,05F0287S,05F0309S,5,0,0
2023/10/15 09:20,05F0309S,05F0439S,31,476,76
2023/10/15 09:20,05F0309S,05F0439S,32,483,12
2023/10/15 09:20,05F0309S,05F0439S,41,524,14
2023/10/15 09:20,05F0309S,05F0439S,42,0,0
2023/10/15 09:20,05F0309S,05F0439S,5,474,1
2023/10/15 09:20,05F0439S,05F0494S,31,203,30
2023/10/15 09:20,05F0439S,05F0494S,32,215,6
2023/10/15 09:20,05F0439S,05F0494S,41,206,4
2023/10/15 09:20,05F0439S,05F0494S,42,0,0
2023/10/15 09:20,05F0439S,05F0494S,5,226,1
2023/10/15 09:25,05F0000S,05F0055S,31,262,119
2023/10/15 09:25,05F0000S,05F0055S,32,261,26
2023/10/15 09:25,05F0000S,05F0055S,41,274,5
2023/10/15 09:25,05F0000S,05F0055S,42,0,0
2023/10/15 09:25,05F0000S,05F0055S,5,0,0
2023/10/15 09:25,05F0055S,05F0287S,31,1029,117
2023/10/15 09:25,05F0055S,05F0287S,32,1034,33
2023/10/15 09:25,05F0055S,05F0287S,41,1057,2
2023/10/15 09:25,05F0055S,05F0287S,42,0,0
2023/10/15 09:25,05F0055S,05F0287S,5,0,0
2023/10/15 09:25,05F0287S,05F0309S,31,88,68
2023/10/15 09:25,05F0287S,05F0309S,32,86,21
2023/10/15 09:25,05F0287S,05F0309S,41,89,4
2023/10/15 09:25,05F0287S,05F0309S,42,0,0
2023/10/15 09:25,05F0287S,05F0309S,5,0,0
2023/10/15 09:25,05F0309S,05F0439S,31,490,61
2023/10/15 09:25,05F0309S,05F0439S,32,490,14
2023/10/15 09:25,05F0309S,05F0439S,41,510,5
2023/10/15 09:25,05F0309S,05F0439S,42,0,0
2023/10/15 09:25,05F0309S,05F0439S,5,532,2
2023/10/15 09:25,05F0439S,05F0494S,31,207,36
2023/10/15 09:25,05F0439S,05F0494S,32,207,8
2023/10/15 09:25,05F0439S,05F0494S,41,203,2
2023/10/15 09:25,05F0439S,05F0494S,42,231,1
2023/10/15 09:25,05F0439S,05F0494S,5,203,1
2023/10/15 09:30,05F0000S,05F0055S,31,282,119
2023/10/15 09:30,05F0000S,05F0055S,32,285,38
2023/10/15 09:30,05F0000S,05F0055S,41,292,8
2023/10/15 09:30,05F0000S,05F0055S,42,0,0
2023/10/15 09:30,05F0000S,05F0055S,5,0,0
2023/10/15 09:30,05F0055S,05F0287S,31,1041,103
2023/10/15 09:30,05F0055S,05F0287S,32,1034,22
2023/10/15 09:30,05F0055S,05F0287S,41,1122,7
2023/10/15 09:30,05F0055S,05F0287S,42,0,0
2023/10/15 09:30,05F0055S,05F0287S,5,0,0
2023/10/15 09:30,05F0287S,05F0309S,31,86,79
2023/10/15 09:30,05F0287S,05F0309S,32,86,18
2023/10/15 09:30,05F0287S,05F0309S,41,93,3
2023/10/15 09:30,05F0287S,05F0309S,42,0,0
2023/10/15 09:30,05F0287S,05F0309S,5,0,0
2023/10/15 09:30,05F0309S,05F0439S,31,475,59
2023/10/15 09:30,05F0309S,05F0439S,32,473,14
2023/10/15 09:30,05F0309S,05F0439S,41,523,7
2023/10/15 09:30,05F0309S,05F0439S,42,0,0
2023/10/15 09:30,05F0309S,05F0439S,5,0,0
2023/10/15 09:30,05F0439S,05F0494S,31,208,31
2023/10/15 09:30,05F0439S,05F0494S,32,212,8
2023/10/15 09:30,05F0439S,05F0494S,41,0,0
2023/10/15 09:30,05F0439S,05F0494S,42,0,0
2023/10/15 09:30,05F0439S,05F0494S,5,220,2
2023/10/15 09:35,05F0000S,05F0055S,31,270,137
2023/10/15 09:35,05F0000S,05F0055S,32,271,35
2023/10/15 09:35,05F0000S,05F0055S,41,647,4
2023/10/15 09:35,05F0000S,05F0055S,42,0,0
2023/10/15 09:35,05F0000S,05F0055S,5,0,0
2023/10/15 09:35,05F0055S,05F0287S,31,1039,137
2023/10/15 09:35,05F0055S,05F0287S,32,1047,34
2023/10/15 09:35,05F0055S,05F0287S,41,1081,11
2023/10/15 09:35,05F0055S,05F0287S,42,0,0
2023/10/15 09:35,05F0055S,05F0287S,5,0,0
2023/10/15 09:35,05F0287S,05F0309S,31,87,89
2023/10/15 09:35,05F0287S,05F0309S,32,89,16
2023/10/15 09:35,05F0287S,05F0309S,41,95,9
2023/10/15 09:35,05F0287S,05F0309S,42,0,0
2023/10/15 09:35,05F0287S,05F0309S,5,0,0
2023/10/15 09:35,05F0309S,05F0439S,31,475,57
2023/10/15 09:35,05F0309S,05F0439S,32,491,14
2023/10/15 09:35,05F0309S,05F0439S,41,529,1
2023/10/15 09:35,05F0309S,05F0439S,42,566,1
2023/10/15 09:35,05F0309S,05F0439S,5,487,1
2023/10/15 09:35,05F0439S,05F0494S,31,206,36
2023/10/15 09:35,05F0439S,05F0494S,32,199,7
2023/10/15 09:35,05F0439S,05F0494S,41,219,5
2023/10/15 09:35,05F0439S,05F0494S,42,1859,1
2023/10/15 09:35,05F0439S,05F0494S,5,205,1
2023/10/15 09:40,05F0000S,05F0055S,31,275,121
2023/10/15 09:40,05F0000S,05F0055S,32,275,26
2023/10/15 09:40,05F0000S,05F0055S,41,276,8
2023/10/15 09:40,05F0000S,05F0055S,42,0,0
2023/10/15 09:40,05F0000S,05F0055S,5,0,0
2023/10/15 09:40,05F0055S,05F0287S,31,1017,126
2023/10/15 09:40,05F0055S,05F0287S,32,1013,21
2023/10/15 09:40,05F0055S,05F0287S,41,1027,2
2023/10/15 09:40,05F0055S,05F0287S,42,0,0
2023/10/15 09:40,05F0055S,05F0287S,5,0,0
2023/10/15 09:40,05F0287S,05F0309S,31,86,86
2023/10/15 09:40,05F0287S,05F0309S,32,88,14
2023/10/15 09:40,05F0287S,05F0309S,41,91,4
2023/10/15 09:40,05F0287S,05F0309S,42,0,0
2023/10/15 09:40,05F0287S,05F0309S,5,0,0
2023/10/15 09:40,05F0309S,05F0439S,31,476,39
2023/10/15 09:40,05F0309S,05F0439S,32,474,9
2023/10/15 09:40,05F0309S,05F0439S,41,499,6
2023/10/15 09:40,05F0309S,05F0439S,42,535,2
2023/10/15 09:40,05F0309S,05F0439S,5,0,0
2023/10/15 09:40,05F0439S,05F0494S,31,187,35
2023/10/15 09:40,05F0439S,05F0494S,32,187,7
2023/10/15 09:40,05F0439S,05F0494S,41,0,0
2023/10/15 09:40,05F0439S,05F0494S,42,240,3
2023/10/15 09:40,05F0439S,05F0494S,5,0,0
2023/10/15 09:45,05F0000S,05F0055S,31,284,132
2023/10/15 09:45,05F0000S,05F0055S,32,280,28
2023/10/15 09:45,05F0000S,05F0055S,41,297,5
2023/10/15 09:45,05F0000S,05F0055S,42,0,0
2023/10/15 09:45,05F0000S,05F0055S,5,0,0
2023/10/15 09:45,05F0055S,05F0287S,31,1015,102
2023/10/15 09:45,05F0055S,05F0287S,32,1017,32
2023/10/15 09:45,05F0055S,05F0287S,41,1043,7
2023/10/15 09:45,05F0055S,05F0287S,42,0,0
2023/10/15 09:45,05F0055S,05F0287S,5,0,0
2023/10/15 09:45,05F0287S,05F0309S,31,85,87
2023/10/15 09:45,05F0287S,05F0309S,32,86,17
2023/10/15 09:45,05F0287S,05F0309S,41,89,2
2023/10/15 09:45,05F0287S,05F0309S,42,0,0
2023/10/15 09:45,05F0287S,05F0309S,5,0,0
2023/10/15 09:45,05F0309S,05F0439S,31,477,77
2023/10/15 09:45,05F0309S,05F0439S,32,479,20
2023/10/15 09:45,05F0309S,05F0439S,41,540,6
2023/10/15 09:45,05F0309S,05F0439S,42,0,0
2023/10/15 09:45,05F0309S,05F0439S,5,534,2
2023/10/15 09:45,05F0439S,05F0494S,31,203,36
2023/10/15 09:45,05F0439S,05F0494S,32,207,11
2023/10/15 09:45,05F0439S,05F0494S,41,207,4
2023/10/15 09:45,05F0439S,05F0494S,42,244,1
2023/10/15 09:45,05F0439S,05F0494S,5,226,2
2023/10/15 09:50,05F0000S,05F0055S,31,281,142
2023/10/15 09:50,05F0000S,05F0055S,32,281,30
2023/10/15 09:50,05F0000S,05F0055S,41,293,6
2023/10/15 09:50,05F0000S,05F0055S,42,0,0
2023/10/15 09:50,05F0000S,05F0055S,5,0,0
2023/10/15 09:50,05F0055S,05F0287S,31,1057,105
2023/10/15 09:50,05F0055S,05F0287S,32,1066,29
2023/10/15 09:50,05F0055S,05F0287S,41,1096,7
2023/10/15 09:50,05F0055S,05F0287S,42,0,0
2023/10/15 09:50,05F0055S,05F0287S,5,0,0
2023/10/15 09:50,05F0287S,05F0309S,31,86,61
2023/10/15 09:50,05F0287S,05F0309S,32,89,21
2023/10/15 09:50,05F0287S,05F0309S,41,92,11
2023/10/15 09:50,05F0287S,05F0309S,42,0,0
2023/10/15 09:50,05F0287S,05F0309S,5,0,0
2023/10/15 09:50,05F0309S,05F0439S,31,481,61
2023/10/15 09:50,05F0309S,05F0439S,32,472,8
2023/10/15 09:50,05F0309S,05F0439S,41,503,2
2023/10/15 09:50,05F0309S,05F0439S,42,0,0
2023/10/15 09:50,05F0309S,05F0439S,5,565,1
2023/10/15 09:50,05F0439S,05F0494S,31,208,35
2023/10/15 09:50,05F0439S,05F0494S,32,208,11
2023/10/15 09:50,05F0439S,05F0494S,41,227,1
2023/10/15 09:50,05F0439S,05F0494S,42,0,0
2023/10/15 09:50,05F0439S,05F0494S,5,0,0
2023/10/15 09:55,05F0000S,05F0055S,31,270,130
2023/10/15 09:55,05F0000S,05F0055S,32,262,27
2023/10/15 09:55,05F0000S,05F0055S,41,275,2
2023/10/15 09:55,05F0000S,05F0055S,42,0,0
2023/10/15 09:55,05F0000S,05F0055S,5,0,0
2023/10/15 09:55,05F0055S,05F0287S,31,1078,127
2023/10/15 09:55,05F0055S,05F0287S,32,1079,32
2023/10/15 09:55,05F0055S,05F0287S,41,1106,8
2023/10/15 09:55,05F0055S,05F0287S,42,0,0
2023/10/15 09:55,05F0055S,05F0287S,5,0,0
2023/10/15 09:55,05F0287S,05F0309S,31,88,86
2023/10/15 09:55,05F0287S,05F0309S,32,86,17
2023/10/15 09:55,05F0287S,05F0309S,41,94,3
2023/10/15 09:55,05F0287S,05F0309S,42,0,0
2023/10/15 09:55,05F0287S,05F0309S,5,0,0
2023/10/15 09:55,05F0309S,05F0439S,31,477,65
2023/10/15 09:55,05F0309S,05F0439S,32,491,18
2023/10/15 09:55,05F0309S,05F0439S,41,497,6
2023/10/15 09:55,05F0309S,05F0439S,42,0,0
2023/10/15 09:55,05F0309S,05F0439S,5,546,1
2023/10/15 09:55,05F0439S,05F0494S,31,202,27
2023/10/15 09:55,05F0439S,05F0494S,32,181,4
2023/10/15 09:55,05F0439S,05F0494S,41,209,3
2023/10/15 09:55,05F0439S,05F0494S,42,239,2
2023/10/15 09:55,05F0439S,05F0494S,5,232,1
2023/10/15 10:00,05F0000S,05F0055S,31,273,141
2023/10/15 10:00,05F0000S,05F0055S,32,269,31
2023/10/15 10:00,05F0000S,05F0055S,41,284,7
2023/10/15 10:00,05F0000S,05F0055S,42,0,0
2023/10/15 10:00,05F0000S,05F0055S,5,0,0
2023/10/15 10:00,05F0055S,05F0287S,31,1048,125
2023/10/15 10:00,05F0055S,05F0287S,32,1047,23
2023/10/15 10:00,05F0055S,05F0287S,41,1072,5
2023/10/15 10:00,05F0055S,05F0287S,42,0,0
2023/10/15 10:00,05F0055S,05F0287S,5,0,0
2023/10/15 10:00,05F0287S,05F0309S,31,87,74
2023/10/15 10:00,05F0287S,05F0309S,32,88,24
2023/10/15 10:00,05F0287S,05F0309S,41,90,6
2023/10/15 10:00,05F0287S,05F0309S,42,0,0
2023/10/15 10:00,05F0287S,05F0309S,5,0,0
2023/10/15 10:00,05F0309S,05F0439S,31,477,46
2023/10/15 10:00,05F0309S,05F0439S,32,496,9
2023/10/15 10:00,05F0309S,05F0439S,41,535,5
2023/10/15 10:00,05F0309S,05F0439S,42,0,0
2023/10/15 10:00,05F0309S,05F0439S,5,493,1
2023/10/15 10:00,05F0439S,05F0494S,31,202,32
2023/10/15 10:00,05F0439S,05F0494S,32,208,10
2023/10/15 10:00,05F0439S,05F0494S,41,0,0
2023/10/15 10:00,05F0439S,05F0494S,42,0,0
2023/10/15 10:00,05F0439S,05F0494S,5,204,1
2023/10/15 10:05,05F0000S,05F0055S,31,266,128
2023/10/15 10:05,05F0000S,05F0055S,32,261,24
2023/10/15 10:05,05F0000S,05F0055S,41,271,5
2023/10/15 10:05,05F0000S,05F0055S,42,0,0
2023/10/15 10:05,05F0000S,05F0055S,5,0,0
2023/10/15 10:05,05F0055S,05F0287S,31,1058,143
2023/10/15 10:05,05F0055S,05F0287S,32,1066,30
2023/10/15 10:05,05F0055S,05F0287S,41,1109,4
2023/10/15 10:05,05F0055S,05F0287S,42,0,0
2023/10/15 10:05,05F0055S,05F0287S,5,0,0
2023/10/15 10:05,05F0287S,05F0309S,31,90,83
2023/10/15 10:05,05F0287S,05F0309S,32,90,19
2023/10/15 10:05,05F0287S,05F0309S,41,99,3
2023/10/15 10:05,05F0287S,05F0309S,42,0,0
2023/10/15 10:05,05F0287S,05F0309S,5,0,0
2023/10/15 10:05,05F0309S,05F0439S,31,475,71
2023/10/15 10:05,05F0309S,05F0439S,32,482,21
2023/10/15 10:05,05F0309S,05F0439S,41,525,8
2023/10/15 10:05,05F0309S,05F0439S,42,533,1
2023/10/15 10:05,05F0309S,05F0439S,5,0,0
2023/10/15 10:05,05F0439S,05F0494S,31,198,42
2023/10/15 10:05,05F0439S,05F0494S,32,190,8
2023/10/15 10:05,05F0439S,05F0494S,41,222,5
2023/10/15 10:05,05F0439S,05F0494S,42,0,0
2023/10/15 10:05,05F0439S,05F0494S,5,0,0
2023/10/15 10:10,05F0000S,05F0055S,31,284,137
2023/10/15 10:10,05F0000S,05F0055S,32,282,32
2023/10/15 10:10,05F0000S,05F0055S,41,286,8
2023/10/15 10:10,05F0000S,05F0055S,42,0,0
2023/10/15 10:10,05F0000S,05F0055S,5,0,0
2023/10/15 10:10,05F0055S,05F0287S,31,1058,135
2023/10/15 10:10,05F0055S,05F0287S,32,1065,34
2023/10/15 10:10,05F0055S,05F0287S,41,1081,8
2023/10/15 10:10,05F0055S,05F0287S,42,0,0
2023/10/15 10:10,05F0055S,05F0287S,5,0,0
2023/10/15 10:10,05F0287S,05F0309S,31,90,94
2023/10/15 10:10,05F0287S,05F0309S,32,92,24
2023/10/15 10:10,05F0287S,05F0309S,41,88,6
2023/10/15 10:10,05F0287S,05F0309S,42,0,0
2023/10/15 10:10,05F0287S,05F0309S,5,0,0
2023/10/15 10:10,05F0309S,05F0439S,31,472,53
2023/10/15 10:10,05F0309S,05F0439S,32,493,13
2023/10/15 10:10,05F0309S,05F0439S,41,498,1
2023/10/15 10:10,05F0309S,05F0439S,42,0,0
2023/10/15 10:10,05F0309S,05F0439S,5,540,2
2023/10/15 10:10,05F0439S,05F0494S,31,198,29
2023/10/15 10:10,05F0439S,05F0494S,32,198,7
2023/10/15 10:10,05F0439S,05F0494S,41,224,3
2023/10/15 10:10,05F0439S,05F0494S,42,251,1
2023/10/15 10:10,05F0439S,05F0494S,5,0,0
2023/10/15 10:15,05F0000S,05F0055S,31,272,137
2023/10/15 10:15,05F0000S,05F0055S,32,270,36
2023/10/15 10:15,05F0000S,05F0055S,41,281,4
2023/10/15 10:15,05F0000S,05F0055S,42,0,0
2023/10/15 10:15,05F0000S,05F0055S,5,0,0
2023/10/15 10:15,05F0055S,05F0287S,31,1039,113
2023/10/15 10:15,05F0055S,05F0287S,32,1048,26
2023/10/15 10:15,05F0055S,05F0287S,41,1084,7
2023/10/15 10:15,05F0055S,05F0287S,42,0,0
2023/10/15 10:15,05F0055S,05F0287S,5,0,0
2023/10/15 10:15,05F0287S,05F0309S,31,87,88
2023/10/15 10:15,05F0287S,05F0309S,32,87,20
2023/10/15 10:15,05F0287S,05F0309S,41,93,5
2023/10/15 10:15,05F0287S,05F0309S,42,0,0
2023/10/15 10:15,05F0287S,05F0309S,5,0,0
2023/10/15 10:15,05F0309S,05F0439S,31,484,68
2023/10/15 10:15,05F0309S,05F0439S,32,503,15
2023/10/15 10:15,05F0309S,05F0439S,41,514,2
2023/10/15 10:15,05F0309S,05F0439S,42,0,0
2023/10/15 10:15,05F0309S,05F0439S,5,0,0
2023/10/15 10:15,05F0439S,05F0494S,31,196,31
2023/10/15 10:15,05F0439S,05F0494S,32,210,11
2023/10/15 10:15,05F0439S,05F0494S,41,0,0
2023/10/15 10:15,05F0439S,05F0494S,42,0,0
2023/10/15 10:15,05F0439S,05F0494S,5,223,1
2023/10/15 10:20,05F0000S,05F0055S,31,262,125
2023/10/15 10:20,05F0000S,05F0055S,32,264,34
2023/10/15 10:20,05F0000S,05F0055S,41,268,6
2023/10/15 10:20,05F0000S,05F0055S,42,0,0
2023/10/15 10:20,05F0000S,05F0055S,5,0,0
2023/10/15 10:20,05F0055S,05F0287S,31,1068,148
2023/10/15 10:20,05F0055S,05F0287S,32,1065,27
2023/10/15 10:20,05F0055S,05F0287S,41,1139,6
2023/10/15 10:20,05F0055S,05F0287S,42,0,0
2023/10/15 10:20,05F0055S,05F0287S,5,0,0
2023/10/15 10:20,05F0287S,05F0309S,31,88,76
2023/10/15 10:20,05F0287S,05F0309S,32,87,20
2023/10/15 10:20,05F0287S,05F0309S,41,91,3
2023/10/15 10:20,05F0287S,05F0309S,42,0,0
2023/10/15 10:20,05F0287S,05F0309S,5,0,0
2023/10/15 10:20,05F0309S,05F0439S,31,486,73
2023/10/15 10:20,05F0309S,05F0439S,32,494,17
2023/10/15 10:20,05F0309S,05F0439S,41,484,6
2023/10/15 10:20,05F0309S,05F0439S,42,0,0
2023/10/15 10:20,05F0309S,05F0439S,5,546,2
2023/10/15 10:20,05F0439S,05F0494S,31,202,32
2023/10/15 10:20,05F0439S,05F0494S,32,209,5
2023/10/15 10:20,05F0439S,05F0494S,41,200,2
2023/10/15 10:20,05F0439S,05F0494S,42,0,0
2023/10/15 10:20,05F0439S,05F0494S,5,225,1
2023/10/15 10:25,05F0000S,05F0055S,31,308,152
2023/10/15 10:25,05F0000S,05F0055S,32,307,32
2023/10/15 10:25,05F0000S,05F0055S,41,307,3
2023/10/15 10:25,05F0000S,05F0055S,42,0,0
2023/10/15 10:25,05F0000S,05F0055S,5,0,0
2023/10/15 10:25,05F0055S,05F0287S,31,1042,130
2023/10/15 10:25,05F0055S,05F0287S,32,1052,28
2023/10/15 10:25,05F0055S,05F0287S,41,1083,9
2023/10/15 10:25,05F0055S,05F0287S,42,0,0
2023/10/15 10:25,05F0055S,05F0287S,5,0,0
2023/10/15 10:25,05F0287S,05F0309S,31,91,108
2023/10/15 10:25,05F0287S,05F0309S,32,93,18
2023/10/15 10:25,05F0287S,05F0309S,41,96,6
2023/10/15 10:25,05F0287S,05F0309S,42,0,0
2023/10/15 10:25,05F0287S,05F0309S,5,0,0
2023/10/15 10:25,05F0309S,05F0439S,31,481,76
2023/10/15 10:25,05F0309S,05F0439S,32,484,25
2023/10/15 10:25,05F0309S,05F0439S,41,522,3
2023/10/15 10:25,05F0309S,05F0439S,42,553,1
2023/10/15 10:25,05F0309S,05F0439S,5,584,1
2023/10/15 10:25,05F0439S,05F0494S,31,204,39
2023/10/15 10:25,05F0439S,05F0494S,32,219,9
2023/10/15 10:25,05F0439S,05F0494S,41,194,1
2023/10/15 10:25,05F0439S,05F0494S,42,233,1
2023/10/15 10:25,05F0439S,05F0494S,5,0,0
2023/10/15 10:30,05F0000S,05F0055S,31,315,149
2023/10/15 10:30,05F0000S,05F0055S,32,325,36
2023/10/15 10:30,05F0000S,05F0055S,41,313,5
2023/10/15 10:30,05F0000S,05F0055S,42,0,0
2023/10/15 10:30,05F0000S,05F0055S,5,0,0
2023/10/15 10:30,05F0055S,05F0287S,31,1092,122
2023/10/15 10:30,05F0055S,05F0287S,32,1087,26
2023/10/15 10:30,05F0055S,05F0287S,41,1120,2
2023/10/15 10:30,05F0055S,05F0287S,42,0,0
2023/10/15 10:30,05F0055S,05F0287S,5,0,0
2023/10/15 10:30,05F0287S,05F0309S,31,89,61
2023/10/15 10:30,05F0287S,05F0309S,32,87,14
2023/10/15 10:30,05F0287S,05F0309S,41,89,3
2023/10/15 10:30,05F0287S,05F0309S,42,0,0
2023/10/15 10:30,05F0287S,05F0309S,5,0,0
2023/10/15 10:30,05F0309S,05F0439S,31,491,68
2023/10/15 10:30,05F0309S,05F0439S,32,467,12
2023/10/15 10:30,05F0309S,05F0439S,41,525,1
2023/10/15 10:30,05F0309S,05F0439S,42,0,0
2023/10/15 10:30,05F0309S,05F0439S,5,518,3
2023/10/15 10:30,05F0439S,05F0494S,31,199,32
2023/10/15 10:30,05F0439S,05F0494S,32,204,13
2023/10/15 10:30,05F0439S,05F0494S,41,229,1
2023/10/15 10:30,05F0439S,05F0494S,42,0,0
2023/10/15 10:30,05F0439S,05F0494S,5,211,1
2023/10/15 10:35,05F0000S,05F0055S,31,330,155
2023/10/15 10:35,05F0000S,05F0055S,32,333,37
2023/10/15 10:35,05F0000S,05F0055S,41,330,3
2023/10/15 10:35,05F0000S,05F0055S,42,0,0
2023/10/15 10:35,05F0000S,05F0055S,5,0,0
2023/10/15 10:35,05F0055S,05F0287S,31,1059,157
2023/10/15 10:35,05F0055S,05F0287S,32,1066,37
2023/10/15 10:35,05F0055S,05F0287S,41,1081,6
2023/10/15 10:35,05F0055S,05F0287S,42,0,0
2023/10/15 10:35,05F0055S,05F0287S,5,0,0
2023/10/15 10:35,05F0287S,05F0309S,31,92,115
2023/10/15 10:35,05F0287S,05F0309S,32,91,20
2023/10/15 10:35,05F0287S,05F0309S,41,96,2
2023/10/15 10:35,05F0287S,05F0309S,42,0,0
2023/10/15 10:35,05F0287S,05F0309S,5,0,0
2023/10/15 10:35,05F0309S,05F0439S,31,487,65
2023/10/15 10:35,05F0309S,05F0439S,32,513,8
2023/10/15 10:35,05F0309S,05F0439S,41,528,4
2023/10/15 10:35,05F0309S,05F0439S,42,0,0
2023/10/15 10:35,05F0309S,05F0439S,5,470,1
2023/10/15 10:35,05F0439S,05F0494S,31,205,34
2023/10/15 10:35,05F0439S,05F0494S,32,203,8
2023/10/15 10:35,05F0439S,05F0494S,41,0,0
2023/10/15 10:35,05F0439S,05F0494S,42,0,0
2023/10/15 10:35,05F0439S,05F0494S,5,216,2
2023/10/15 10:40,05F0000S,05F0055S,31,345,148
2023/10/15 10:40,05F0000S,05F0055S,32,342,35
2023/10/15 10:40,05F0000S,05F0055S,41,327,3
2023/10/15 10:40,05F0000S,05F0055S,42,0,0
2023/10/15 10:40,05F0000S,05F0055S,5,0,0
2023/10/15 10:40,05F0055S,05F0287S,31,1040,114
2023/10/15 10:40,05F0055S,05F0287S,32,1036,33
2023/10/15 10:40,05F0055S,05F0287S,41,1067,5
2023/10/15 10:40,05F0055S,05F0287S,42,0,0
2023/10/15 10:40,05F0055S,05F0287S,5,0,0
2023/10/15 10:40,05F0287S,05F0309S,31,87,86
2023/10/15 10:40,05F0287S,05F0309S,32,90,25
2023/10/15 10:40,05F0287S,05F0309S,41,91,4
2023/10/15 10:40,05F0287S,05F0309S,42,97,1
2023/10/15 10:40,05F0287S,05F0309S,5,0,0
2023/10/15 10:40,05F0309S,05F0439S,31,496,68
2023/10/15 10:40,05F0309S,05F0439S,32,491,14
2023/10/15 10:40,05F0309S,05F0439S,41,1880,1
2023/10/15 10:40,05F0309S,05F0439S,42,0,0
2023/10/15 10:40,05F0309S,05F0439S,5,0,0
2023/10/15 10:40,05F0439S,05F0494S,31,202,29
2023/10/15 10:40,05F0439S,05F0494S,32,209,10
2023/10/15 10:40,05F0439S,05F0494S,41,217,2
2023/10/15 10:40,05F0439S,05F0494S,42,0,0
2023/10/15 10:40,05F0439S,05F0494S,5,199,1
2023/10/15 10:45,05F0000S,05F0055S,31,346,157
2023/10/15 10:45,05F0000S,05F0055S,32,342,37
2023/10/15 10:45,05F0000S,05F0055S,41,327,4
2023/10/15 10:45,05F0000S,05F0055S,42,0,0
2023/10/15 10:45,05F0000S,05F0055S,5,0,0
2023/10/15 10:45,05F0055S,05F0287S,31,1084,147
2023/10/15 10:45,05F0055S,05F0287S,32,1084,31
2023/10/15 10:45,05F0055S,05F0287S,41,1089,3
2023/10/15 10:45,05F0055S,05F0287S,42,0,0
2023/10/15 10:45,05F0055S,05F0287S,5,0,0
2023/10/15 10:45,05F0287S,05F0309S,31,89,80
2023/10/15 10:45,05F0287S,05F0309S,32,90,15
2023/10/15 10:45,05F0287S,05F0309S,41,89,2
2023/10/15 10:45,05F0287S,05F0309S,42,0,0
2023/10/15 10:45,05F0287S,05F0309S,5,0,0
2023/10/15 10:45,05F0309S,05F0439S,31,485,66
2023/10/15 10:45,05F0309S,05F0439S,32,482,19
2023/10/15 10:45,05F0309S,05F0439S,41,523,2
2023/10/15 10:45,05F0309S,05F0439S,42,0,0
2023/10/15 10:45,05F0309S,05F0439S,5,0,0
2023/10/15 10:45,05F0439S,05F0494S,31,210,55
2023/10/15 10:45,05F0439S,05F0494S,32,197,11
2023/10/15 10:45,05F0439S,05F0494S,41,0,0
2023/10/15 10:45,05F0439S,05F0494S,42,0,0
2023/10/15 10:45,05F0439S,05F0494S,5,0,0
2023/10/15 10:50,05F0000S,05F0055S,31,364,140
2023/10/15 10:50,05F0000S,05F0055S,32,363,37
2023/10/15 10:50,05F0000S,05F0055S,41,334,11
2023/10/15 10:50,05F0000S,05F0055S,42,0,0
2023/10/15 10:50,05F0000S,05F0055S,5,0,0
2023/10/15 10:50,05F0055S,05F0287S,31,1072,106
2023/10/15 10:50,05F0055S,05F0287S,32,1081,31
2023/10/15 10:50,05F0055S,05F0287S,41,1137,3
2023/10/15 10:50,05F0055S,05F0287S,42,0,0
2023/10/15 10:50,05F0055S,05F0287S,5,0,0
2023/10/15 10:50,05F0287S,05F0309S,31,89,80
2023/10/15 10:50,05F0287S,05F0309S,32,88,21
2023/10/15 10:50,05F0287S,05F0309S,41,90,1
2023/10/15 10:50,05F0287S,05F0309S,42,0,0
2023/10/15 10:50,05F0287S,05F0309S,5,0,0
2023/10/15 10:50,05F0309S,05F0439S,31,481,75
2023/10/15 10:50,05F0309S,05F0439S,32,503,13
2023/10/15 10:50,05F0309S,05F0439S,41,523,3
2023/10/15 10:50,05F0309S,05F0439S,42,540,1
2023/10/15 10:50,05F0309S,05F0439S,5,490,1
2023/10/15 10:50,05F0439S,05F0494S,31,205,33
2023/10/15 10:50,05F0439S,05F0494S,32,213,13
2023/10/15 10:50,05F0439S,05F0494S,41,0,0
2023/10/15 10:50,05F0439S,05F0494S,42,225,1
2023/10/15 10:50,05F0439S,05F0494S,5,0,0
2023/10/15 10:55,05F0000S,05F0055S,31,364,146
2023/10/15 10:55,05F0000S,05F0055S,32,357,38
2023/10/15 10:55,05F0000S,05F0055S,41,321,3
2023/10/15 10:55,05F0000S,05F0055S,42,327,1
2023/10/15 10:55,05F0000S,05F0055S,5,0,0
2023/10/15 10:55,05F0055S,05F0287S,31,1127,159
2023/10/15 10:55,05F0055S,05F0287S,32,1125,47
2023/10/15 10:55,05F0055S,05F0287S,41,1146,4
2023/10/15 10:55,05F0055S,05F0287S,42,0,0
2023/10/15 10:55,05F0055S,05F0287S,5,0,0
2023/10/15 10:55,05F0287S,05F0309S,31,89,84
2023/10/15 10:55,05F0287S,05F0309S,32,89,23
2023/10/15 10:55,05F0287S,05F0309S,41,92,2
2023/10/15 10:55,05F0287S,05F0309S,42,0,0
2023/10/15 10:55,05F0287S,05F0309S,5,0,0
2023/10/15 10:55,05F0309S,05F0439S,31,470,53
2023/10/15 10:55,05F0309S,05F0439S,32,490,15
2023/10/15 10:55,05F0309S,05F0439S,41,0,0
2023/10/15 10:55,05F0309S,05F0439S,42,0,0
2023/10/15 10:55,05F0309S,05F0439S,5,0,0
2023/10/15 10:55,05F0439S,05F0494S,31,201,34
2023/10/15 10:55,05F0439S,05F0494S,32,201,8
2023/10/15 10:55,05F0439S,05F0494S,41,0,0
2023/10/15 10:55,05F0439S,05F0494S,42,0,0
2023/10/15 10:55,05F0439S,05F0494S,5,207,1
2023/10/15 11:00,05F0000S,05F0055S,31,314,153
2023/10/15 11:00,05F0000S,05F0055S,32,311,43
2023/10/15 11:00,05F0000S,05F0055S,41,311,5
2023/10/15 11:00,05F0000S,05F0055S,42,0,0
2023/10/15 11:00,05F0000S,05F0055S,5,0,0
2023/10/15 11:00,05F0055S,05F0287S,31,1089,164
2023/10/15 11:00,05F0055S,05F0287S,32,1096,35
2023/10/15 11:00,05F0055S,05F0287S,41,1127,5
2023/10/15 11:00,05F0055S,05F0287S,42,0,0
2023/10/15 11:00,05F0055S,05F0287S,5,0,0
2023/10/15 11:00,05F0287S,05F0309S,31,89,98
2023/10/15 11:00,05F0287S,05F0309S,32,89,29
2023/10/15 11:00,05F0287S,05F0309S,41,94,2
2023/10/15 11:00,05F0287S,05F0309S,42,0,0
2023/10/15 11:00,05F0287S,05F0309S,5,0,0
2023/10/15 11:00,05F0309S,05F0439S,31,477,59
2023/10/15 11:00,05F0309S,05F0439S,32,459,13
2023/10/15 11:00,05F0309S,05F0439S,41,529,1
2023/10/15 11:00,05F0309S,05F0439S,42,542,2
2023/10/15 11:00,05F0309S,05F0439S,5,495,1
2023/10/15 11:00,05F0439S,05F0494S,31,207,43
2023/10/15 11:00,05F0439S,05F0494S,32,206,10
2023/10/15 11:00,05F0439S,05F0494S,41,0,0
2023/10/15 11:00,05F0439S,05F0494S,42,0,0
2023/10/15 11:00,05F0439S,05F0494S,5,0,0
2023/10/15 11:05,05F0000S,05F0055S,31,274,141
2023/10/15 11:05,05F0000S,05F0055S,32,267,36
2023/10/15 11:05,05F0000S,05F0055S,41,246,3
2023/10/15 11:05,05F0000S,05F0055S,42,0,0
2023/10/15 11:05,05F0000S,05F0055S,5,0,0
2023/10/15 11:05,05F0055S,05F0287S,31,1104,147
2023/10/15 11:05,05F0055S,05F0287S,32,1107,35
2023/10/15 11:05,05F0055S,05F0287S,41,1111,6
2023/10/15 11:05,05F0055S,05F0287S,42,0,0
2023/10/15 11:05,05F0055S,05F0287S,5,0,0
2023/10/15 11:05,05F0287S,05F0309S,31,90,89
2023/10/15 11:05,05F0287S,05F0309S,32,91,23
2023/10/15 11:05,05F0287S,05F0309S,41,95,6
2023/10/15 11:05,05F0287S,05F0309S,42,0,0
2023/10/15 11:05,05F0287S,05F0309S,5,0,0
2023/10/15 11:05,05F0309S,05F0439S,31,472,62
2023/10/15 11:05,05F0309S,05F0439S,32,480,21
2023/10/15 11:05,05F0309S,05F0439S,41,533,1
2023/10/15 11:05,05F0309S,05F0439S,42,599,2
2023/10/15 11:05,05F0309S,05F0439S,5,492,1
2023/10/15 11:05,05F0439S,05F0494S,31,197,28
2023/10/15 11:05,05F0439S,05F0494S,32,209,16
2023/10/15 11:05,05F0439S,05F0494S,41,0,0
2023/10/15 11:05,05F0439S,05F0494S,42,204,1
2023/10/15 11:05,05F0439S,05F0494S,5,0,0
2023/10/15 11:10,05F0000S,05F0055S,31,259,113
2023/10/15 11:10,05F0000S,05F0055S,32,257,24
2023/10/15 11:10,05F0000S,05F0055S,41,264,5
2023/10/15 11:10,05F0000S,05F0055S,42,0,0
2023/10/15 11:10,05F0000S,05F0055S,5,0,0
2023/10/15 11:10,05F0055S,05F0287S,31,1096,146
2023/10/15 11:10,05F0055S,05F0287S,32,1094,38
2023/10/15 11:10,05F0055S,05F0287S,41,1131,9
2023/10/15 11:10,05F0055S,05F0287S,42,0,0
2023/10/15 11:10,05F0055S,05F0287S,5,0,0
2023/10/15 11:10,05F0287S,05F0309S,31,90,93
2023/10/15 11:10,05F0287S,05F0309S,32,90,24
2023/10/15 11:10,05F0287S,05F0309S,41,92,7
2023/10/15 11:10,05F0287S,05F0309S,42,0,0
2023/10/15 11:10,05F0287S,05F0309S,5,0,0
2023/10/15 11:10,05F0309S,05F0439S,31,486,60
2023/10/15 11:10,05F0309S,05F0439S,32,478,11
2023/10/15 11:10,05F0309S,05F0439S,41,527,3
2023/10/15 11:10,05F0309S,05F0439S,42,0,0
2023/10/15 11:10,05F0309S,05F0439S,5,0,0
2023/10/15 11:10,05F0439S,05F0494S,31,194,34
2023/10/15 11:10,05F0439S,05F0494S,32,202,10
2023/10/15 11:10,05F0439S,05F0494S,41,0,0
2023/10/15 11:10,05F0439S,05F0494S,42,234,1
2023/10/15 11:10,05F0439S,05F0494S,5,206,1
2023/10/15 11:15,05F0000S,05F0055S,31,271,121
2023/10/15 11:15,05F0000S,05F0055S,32,279,27
2023/10/15 11:15,05F0000S,05F0055S,41,268,3
2023/10/15 11:15,05F0000S,05F0055S,42,0,0
2023/10/15 11:15,05F0000S,05F0055S,5,0,0
2023/10/15 11:15,05F0055S,05F0287S,31,1093,149
2023/10/15 11:15,05F0055S,05F0287S,32,1094,41
2023/10/15 11:15,05F0055S,05F0287S,41,1106,3
2023/10/15 11:15,05F0055S,05F0287S,42,0,0
2023/10/15 11:15,05F0055S,05F0287S,5,0,0
2023/10/15 11:15,05F0287S,05F0309S,31,88,91
2023/10/15 11:15,05F0287S,05F0309S,32,90,34
2023/10/15 11:15,05F0287S,05F0309S,41,90,2
2023/10/15 11:15,05F0287S,05F0309S,42,0,0
2023/10/15 11:15,05F0287S,05F0309S,5,0,0
2023/10/15 11:15,05F0309S,05F0439S,31,469,57
2023/10/15 11:15,05F0309S,05F0439S,32,505,14
2023/10/15 11:15,05F0309S,05F0439S,41,534,5
2023/10/15 11:15,05F0309S,05F0439S,42,0,0
2023/10/15 11:15,05F0309S,05F0439S,5,507,2
2023/10/15 11:15,05F0439S,05F0494S,31,203,40
2023/10/15 11:15,05F0439S,05F0494S,32,201,10
2023/10/15 11:15,05F0439S,05F0494S,41,227,3
2023/10/15 11:15,05F0439S,05F0494S,42,0,0
2023/10/15 11:15,05F0439S,05F0494S,5,0,0
2023/10/15 11:20,05F0000S,05F0055S,31,261,119
2023/10/15 11:20,05F0000S,05F0055S,32,256,32
2023/10/15 11:20,05F0000S,05F0055S,41,265,4
2023/10/15 11:20,05F0000S,05F0055S,42,0,0
2023/10/15 11:20,05F0000S,05F0055S,5,0,0
2023/10/15 11:20,05F0055S,05F0287S,31,1107,155
2023/10/15 11:20,05F0055S,05F0287S,32,1108,35
2023/10/15 11:20,05F0055S,05F0287S,41,1125,4
2023/10/15 11:20,05F0055S,05F0287S,42,0,0
2023/10/15 11:20,05F0055S,05F0287S,5,0,0
2023/10/15 11:20,05F0287S,05F0309S,31,88,98
2023/10/15 11:20,05F0287S,05F0309S,32,88,24
2023/10/15 11:20,05F0287S,05F0309S,41,94,2
2023/10/15 11:20,05F0287S,05F0309S,42,0,0
2023/10/15 11:20,05F0287S,05F0309S,5,0,0
2023/10/15 11:20,05F0309S,05F0439S,31,483,71
2023/10/15 11:20,05F0309S,05F0439S,32,483,17
2023/10/15 11:20,05F0309S,05F0439S,41,530,4
2023/10/15 11:20,05F0309S,05F0439S,42,0,0
2023/10/15 11:20,05F0309S,05F0439S,5,0,0
2023/10/15 11:20,05F0439S,05F0494S,31,200,40
2023/10/15 11:20,05F0439S,05F0494S,32,210,7
2023/10/15 11:20,05F0439S,05F0494S,41,223,1
2023/10/15 11:20,05F0439S,05F0494S,42,0,0
2023/10/15 11:20,05F0439S,05F0494S,5,218,2
2023/10/15 11:25,05F0000S,05F0055S,31,264,124
2023/10/15 11:25,05F0000S,05F0055S,32,261,23
2023/10/15 11:25,05F0000S,05F0055S,41,275,4
2023/10/15 11:25,05F0000S,05F0055S,42,0,0
2023/10/15 11:25,05F0000S,05F0055S,5,0,0
2023/10/15 11:25,05F0055S,05F0287S,31,1097,145
2023/10/15 11:25,05F0055S,05F0287S,32,1095,42
2023/10/15 11:25,05F0055S,05F0287S,41,1153,6
2023/10/15 11:25,05F0055S,05F0287S,42,0,0
2023/10/15 11:25,05F0055S,05F0287S,5,0,0
2023/10/15 11:25,05F0287S,05F0309S,31,89,98
2023/10/15 11:25,05F0287S,05F0309S,32,90,28
2023/10/15 11:25,05F0287S,05F0309S,41,90,2
2023/10/15 11:25,05F0287S,05F0309S,42,0,0
2023/10/15 11:25,05F0287S,05F0309S,5,0,0
2023/10/15 11:25,05F0309S,05F0439S,31,480,61
2023/10/15 11:25,05F0309S,05F0439S,32,466,23
2023/10/15 11:25,05F0309S,05F0439S,41,515,1
2023/10/15 11:25,05F0309S,05F0439S,42,568,2
2023/10/15 11:25,05F0309S,05F0439S,5,540,2
2023/10/15 11:25,05F0439S,05F0494S,31,207,42
2023/10/15 11:25,05F0439S,05F0494S,32,202,9
2023/10/15 11:25,05F0439S,05F0494S,41,0,0
2023/10/15 11:25,05F0439S,05F0494S,42,219,1
2023/10/15 11:25,05F0439S,05F0494S,5,0,0
2023/10/15 11:30,05F0000S,05F0055S,31,269,131
2023/10/15 11:30,05F0000S,05F0055S,32,271,30
2023/10/15 11:30,05F0000S,05F0055S,41,268,2
2023/10/15 11:30,05F0000S,05F0055S,42,0,0
2023/10/15 11:30,05F0000S,05F0055S,5,0,0
2023/10/15 11:30,05F0055S,05F0287S,31,1031,124
2023/10/15 11:30,05F0055S,05F0287S,32,1035,32
2023/10/15 11:30,05F0055S,05F0287S,41,1110,5
2023/10/15 11:30,05F0055S,05F0287S,42,0,0
2023/10/15 11:30,05F0055S,05F0287S,5,0,0
2023/10/15 11:30,05F0287S,05F0309S,31,88,72
2023/10/15 11:30,05F0287S,05F0309S,32,88,22
2023/10/15 11:30,05F0287S,05F0309S,41,93,5
2023/10/15 11:30,05F0287S,05F0309S,42,0,0
2023/10/15 11:30,05F0287S,05F0309S,5,0,0
2023/10/15 11:30,05F0309S,05F0439S,31,475,58
2023/10/15 11:30,05F0309S,05F0439S,32,487,22
2023/10/15 11:30,05F0309S,05F0439S,41,537,1
2023/10/15 11:30,05F0309S,05F0439S,42,0,0
2023/10/15 11:30,05F0309S,05F0439S,5,0,0
2023/10/15 11:30,05F0439S,05F0494S,31,202,48
2023/10/15 11:30,05F0439S,05F0494S,32,196,16
2023/10/15 11:30,05F0439S,05F0494S,41,0,0
2023/10/15 11:30,05F0439S,05F0494S,42,0,0
2023/10/15 11:30,05F0439S,05F0494S,5,206,1
2023/10/15 11:35,05F0000S,05F0055S,31,277,137
2023/10/15 11:35,05F0000S,05F0055S,32,282,34
2023/10/15 11:35,05F0000S,05F0055S,41,275,7
2023/10/15 11:35,05F0000S,05F0055S,42,0,0
2023/10/15 11:35,05F0000S,05F0055S,5,0,0
2023/10/15 11:35,05F0055S,05F0287S,31,1043,115
2023/10/15 11:35,05F0055S,05F0287S,32,1050,35
2023/10/15 11:35,05F0055S,05F0287S,41,1055,5
2023/10/15 11:35,05F0055S,05F0287S,42,0,0
2023/10/15 11:35,05F0055S,05F0287S,5,0,0
2023/10/15 11:35,05F0287S,05F0309S,31,85,74
2023/10/15 11:35,05F0287S,05F0309S,32,89,17
2023/10/15 11:35,05F0287S,05F0309S,41,90,1
2023/10/15 11:35,05F0287S,05F0309S,42,0,0
2023/10/15 11:35,05F0287S,05F0309S,5,0,0
2023/10/15 11:35,05F0309S,05F0439S,31,465,68
2023/10/15 11:35,05F0309S,05F0439S,32,480,22
2023/10/15 11:35,05F0309S,05F0439S,41,496,1
2023/10/15 11:35,05F0309S,05F0439S,42,0,0
2023/10/15 11:35,05F0309S,05F0439S,5,0,0
2023/10/15 11:35,05F0439S,05F0494S,31,195,41
2023/10/15 11:35,05F0439S,05F0494S,32,206,14
2023/10/15 11:35,05F0439S,05F0494S,41,0,0
2023/10/15 11:35,05F0439S,05F0494S,42,0,0
2023/10/15 11:35,05F0439S,05F0494S,5,0,0
2023/10/15 11:40,05F0000S,05F0055S,31,273,155
2023/10/15 11:40,05F0000S,05F0055S,32,276,37
2023/10/15 11:40,05F0000S,05F0055S,41,275,4
2023/10/15 11:40,05F0000S,05F0055S,42,0,0
2023/10/15 11:40,05F0000S,05F0055S,5,0,0
2023/10/15 11:40,05F0055S,05F0287S,31,1027,140
2023/10/15 11:40,05F0055S,05F0287S,32,1035,26
2023/10/15 11:40,05F0055S,05F0287S,41,1076,6
2023/10/15 11:40,05F0055S,05F0287S,42,0,0
2023/10/15 11:40,05F0055S,05F0287S,5,0,0
2023/10/15 11:40,05F0287S,05F0309S,31,86,84
2023/10/15 11:40,05F0287S,05F0309S,32,89,20
2023/10/15 11:40,05F0287S,05F0309S,41,93,4
2023/10/15 11:40,05F0287S,05F0309S,42,0,0
2023/10/15 11:40,05F0287S,05F0309S,5,0,0
2023/10/15 11:40,05F0309S,05F0439S,31,473,53
2023/10/15 11:40,05F0309S,05F0439S,32,485,10
2023/10/15 11:40,05F0309S,05F0439S,41,517,4
2023/10/15 11:40,05F0309S,05F0439S,42,566,1
2023/10/15 11:40,05F0309S,05F0439S,5,0,0
2023/10/15 11:40,05F0439S,05F0494S,31,192,41
2023/10/15 11:40,05F0439S,05F0494S,32,196,13
2023/10/15 11:40,05F0439S,05F0494S,41,0,0
2023/10/15 11:40,05F0439S,05F0494S,42,0,0
2023/10/15 11:40,05F0439S,05F0494S,5,0,0
2023/10/15 11:45,05F0000S,05F0055S,31,262,108
2023/10/15 11:45,05F0000S,05F0055S,32,267,21
2023/10/15 11:45,05F0000S,05F0055S,41,257,5
2023/10/15 11:45,05F0000S,05F0055S,42,0,0
2023/10/15 11:45,05F0000S,05F0055S,5,0,0
2023/10/15 11:45,05F0055S,05F0287S,31,1050,120
2023/10/15 11:45,05F0055S,05F0287S,32,1053,25
2023/10/15 11:45,05F0055S,05F0287S,41,1093,3
2023/10/15 11:45,05F0055S,05F0287S,42,0,0
2023/10/15 11:45,05F0055S,05F0287S,5,0,0
2023/10/15 11:45,05F0287S,05F0309S,31,85,75
2023/10/15 11:45,05F0287S,05F0309S,32,90,15
2023/10/15 11:45,05F0287S,05F0309S,41,95,3
2023/10/15 11:45,05F0287S,05F0309S,42,0,0
2023/10/15 11:45,05F0287S,05F0309S,5,0,0
2023/10/15 11:45,05F0309S,05F0439S,31,479,56
2023/10/15 11:45,05F0309S,05F0439S,32,483,16
2023/10/15 11:45,05F0309S,05F0439S,41,0,0
2023/10/15 11:45,05F0309S,05F0439S,42,0,0
2023/10/15 11:45,05F0309S,05F0439S,5,0,0
2023/10/15 11:45,05F0439S,05F0494S,31,199,34
2023/10/15 11:45,05F0439S,05F0494S,32,214,7
2023/10/15 11:45,05F0439S,05F0494S,41,0,0
2023/10/15 11:45,05F0439S,05F0494S,42,242,2
2023/10/15 11:45,05F0439S,05F0494S,5,0,0
2023/10/15 11:50,05F0000S,05F0055S,31,268,149
2023/10/15 11:50,05F0000S,05F0055S,32,269,24
2023/10/15 11:50,05F0000S,05F0055S,41,267,3
2023/10/15 11:50,05F0000S,05F0055S,42,0,0
2023/10/15 11:50,05F0000S,05F0055S,5,0,0
2023/10/15 11:50,05F0055S,05F0287S,31,1062,125
2023/10/15 11:50,05F0055S,05F0287S,32,1062,27
2023/10/15 11:50,05F0055S,05F0287S,41,1093,3
2023/10/15 11:50,05F0055S,05F0287S,42,0,0
2023/10/15 11:50,05F0055S,05F0287S,5,0,0
2023/10/15 11:50,05F0287S,05F0309S,31,87,80
2023/10/15 11:50,05F0287S,05F0309S,32,89,18
2023/10/15 11:50,05F0287S,05F0309S,41,86,1
2023/10/15 11:50,05F0287S,05F0309S,42,0,0
2023/10/15 11:50,05F0287S,05F0309S,5,0,0
2023/10/15 11:50,05F0309S,05F0439S,31,483,64
2023/10/15 11:50,05F0309S,05F0439S,32,485,11
2023/10/15 11:50,05F0309S,05F0439S,41,534,3
2023/10/15 11:50,05F0309S,05F0439S,42,0,0
2023/10/15 11:50,05F0309S,05F0439S,5,537,3
2023/10/15 11:50,05F0439S,05F0494S,31,196,42
2023/10/15 11:50,05F0439S,05F0494S,32,207,9
2023/10/15 11:50,05F0439S,05F0494S,41,0,0
2023/10/15 11:50,05F0439S,05F0494S,42,0,0
2023/10/15 11:50,05F0439S,05F0494S,5,0,0
2023/10/15 11:55,05F0000S,05F0055S,31,268,132
2023/10/15 11:55,05F0000S,05F0055S,32,267,19
2023/10/15 11:55,05F0000S,05F0055S,41,254,3
2023/10/15 11:55,05F0000S,05F0055S,42,0,0
2023/10/15 11:55,05F0000S,05F0055S,5,0,0
2023/10/15 11:55,05F0055S,05F0287S,31,1071,146
2023/10/15 11:55,05F0055S,05F0287S,32,1072,39
2023/10/15 11:55,05F0055S,05F0287S,41,1093,6
2023/10/15 11:55,05F0055S,05F0287S,42,0,0
2023/10/15 11:55,05F0055S,05F0287S,5,0,0
2023/10/15 11:55,05F0287S,05F0309S,31,88,83
2023/10/15 11:55,05F0287S,05F0309S,32,90,24
2023/10/15 11:55,05F0287S,05F0309S,41,89,4
2023/10/15 11:55,05F0287S,05F0309S,42,0,0
2023/10/15 11:55,05F0287S,05F0309S,5,0,0
2023/10/15 11:55,05F0309S,05F0439S,31,480,47
2023/10/15 11:55,05F0309S,05F0439S,32,486,10
2023/10/15 11:55,05F0309S,05F0439S,41,517,1
2023/10/15 11:55,05F0309S,05F0439S,42,0,0
2023/10/15 11:55,05F0309S,05F0439S,5,516,1
2023/10/15 11:55,05F0439S,05F0494S,31,197,35
2023/10/15 11:55,05F0439S,05F0494S,32,202,10
2023/10/15 11:55,05F0439S,05F0494S,41,0,0
2023/10/15 11:55,05F0439S,05F0494S,42,0,0
2023/10/15 11:55,05F0439S,05F0494S,5,225,2
2023/10/15 12:00,05F0000S,05F0055S,31,258,108
2023/10/15 12:00,05F0000S,05F0055S,32,261,27
2023/10/15 12:00,05F0000S,05F0055S,41,272,5
2023/10/15 12:00,05F0000S,05F0055S,42,0,0
2023/10/15 12:00,05F0000S,05F0055S,5,0,0
2023/10/15 12:00,05F0055S,05F0287S,31,1075,148
2023/10/15 12:00,05F0055S,05F0287S,32,1073,30
2023/10/15 12:00,05F0055S,05F0287S,41,1090,6
2023/10/15 12:00,05F0055S,05F0287S,42,0,0
2023/10/15 12:00,05F0055S,05F0287S,5,0,0
2023/10/15 12:00,05F0287S,05F0309S,31,86,96
2023/10/15 12:00,05F0287S,05F0309S,32,86,26
2023/10/15 12:00,05F0287S,05F0309S,41,92,4
2023/10/15 12:00,05F0287S,05F0309S,42,0,0
2023/10/15 12:00,05F0287S,05F0309S,5,0,0
2023/10/15 12:00,05F0309S,05F0439S,31,477,38
2023/10/15 12:00,05F0309S,05F0439S,32,465,12
2023/10/15 12:00,05F0309S,05F0439S,41,0,0
2023/10/15 12:00,05F0309S,05F0439S,42,0,0
2023/10/15 12:00,05F0309S,05F0439S,5,0,0
2023/10/15 12:00,05F0439S,05F0494S,31,207,33
2023/10/15 12:00,05F0439S,05F0494S,32,218,9
2023/10/15 12:00,05F0439S,05F0494S,41,0,0
2023/10/15 12:00,05F0439S,05F0494S,42,239,1
2023/10/15 12:00,05F0439S,05F0494S,5,217,1
2023/10/15 12:05,05F0000S,05F0055S,31,256,110
2023/10/15 12:05,05F0000S,05F0055S,32,251,26
2023/10/15 12:05,05F0000S,05F0055S,41,262,3
2023/10/15 12:05,05F0000S,05F0055S,42,0,0
2023/10/15 12:05,05F0000S,05F0055S,5,0,0
2023/10/15 12:05,05F0055S,05F0287S,31,1043,137
2023/10/15 12:05,05F0055S,05F0287S,32,1042,33
2023/10/15 12:05,05F0055S,05F0287S,41,1062,5
2023/10/15 12:05,05F0055S,05F0287S,42,0,0
2023/10/15 12:05,05F0055S,05F0287S,5,0,0
2023/10/15 12:05,05F0287S,05F0309S,31,86,82
2023/10/15 12:05,05F0287S,05F0309S,32,91,19
2023/10/15 12:05,05F0287S,05F0309S,41,95,6
2023/10/15 12:05,05F0287S,05F0309S,42,0,0
2023/10/15 12:05,05F0287S,05F0309S,5,0,0
2023/10/15 12:05,05F0309S,05F0439S,31,472,65
2023/10/15 12:05,05F0309S,05F0439S,32,487,16
2023/10/15 12:05,05F0309S,05F0439S,41,477,3
2023/10/15 12:05,05F0309S,05F0439S,42,0,0
2023/10/15 12:05,05F0309S,05F0439S,5,487,1
2023/10/15 12:05,05F0439S,05F0494S,31,205,52
2023/10/15 12:05,05F0439S,05F0494S,32,202,14
2023/10/15 12:05,05F0439S,05F0494S,41,0,0
2023/10/15 12:05,05F0439S,05F0494S,42,0,0
2023/10/15 12:05,05F0439S,05F0494S,5,0,0
2023/10/15 12:10,05F0000S,05F0055S,31,258,115
2023/10/15 12:10,05F0000S,05F0055S,32,261,21
2023/10/15 12:10,05F0000S,05F0055S,41,250,4
2023/10/15 12:10,05F0000S,05F0055S,42,0,0
2023/10/15 12:10,05F0000S,05F0055S,5,0,0
2023/10/15 12:10,05F0055S,05F0287S,31,1036,144
2023/10/15 12:10,05F0055S,05F0287S,32,1040,17
2023/10/15 12:10,05F0055S,05F0287S,41,1054,2
2023/10/15 12:10,05F0055S,05F0287S,42,0,0
2023/10/15 12:10,05F0055S,05F0287S,5,0,0
2023/10/15 12:10,05F0287S,05F0309S,31,86,99
2023/10/15 12:10,05F0287S,05F0309S,32,86,18
2023/10/15 12:10,05F0287S,05F0309S,41,94,2
2023/10/15 12:10,05F0287S,05F0309S,42,0,0
2023/10/15 12:10,05F0287S,05F0309S,5,0,0
2023/10/15 12:10,05F0309S,05F0439S,31,469,50
2023/10/15 12:10,05F0309S,05F0439S,32,480,11
2023/10/15 12:10,05F0309S,05F0439S,41,504,4
2023/10/15 12:10,05F0309S,05F0439S,42,0,0
2023/10/15 12:10,05F0309S,05F0439S,5,0,0
2023/10/15 12:10,05F0439S,05F0494S,31,204,37
2023/10/15 12:10,05F0439S,05F0494S,32,198,7
2023/10/15 12:10,05F0439S,05F0494S,41,0,0
2023/10/15 12:10,05F0439S,05F0494S,42,0,0
2023/10/15 12:10,05F0439S,05F0494S,5,208,1
2023/10/15 12:15,05F0000S,05F0055S,31,254,117
2023/10/15 12:15,05F0000S,05F0055S,32,259,20
2023/10/15 12:15,05F0000S,05F0055S,41,253,2
2023/10/15 12:15,05F0000S,05F0055S,42,0,0
2023/10/15 12:15,05F0000S,05F0055S,5,0,0
2023/10/15 12:15,05F0055S,05F0287S,31,1038,122
2023/10/15 12:15,05F0055S,05F0287S,32,1041,31
2023/10/15 12:15,05F0055S,05F0287S,41,1084,5
2023/10/15 12:15,05F0055S,05F0287S,42,0,0
2023/10/15 12:15,05F0055S,05F0287S,5,0,0
2023/10/15 12:15,05F0287S,05F0309S,31,87,71
2023/10/15 12:15,05F0287S,05F0309S,32,89,19
2023/10/15 12:15,05F0287S,05F0309S,41,90,3
2023/10/15 12:15,05F0287S,05F0309S,42,0,0
2023/10/15 12:15,05F0287S,05F0309S,5,0,0
2023/10/15 12:15,05F0309S,05F0439S,31,469,69
2023/10/15 12:15,05F0309S,05F0439S,32,474,15
2023/10/15 12:15,05F0309S,05F0439S,41,525,3
2023/10/15 12:15,05F0309S,05F0439S,42,503,1
2023/10/15 12:15,05F0309S,05F0439S,5,0,0
2023/10/15 12:15,05F0439S,05F0494S,31,206,38
2023/10/15 12:15,05F0439S,05F0494S,32,198,5
2023/10/15 12:15,05F0439S,05F0494S,41,0,0
2023/10/15 12:15,05F0439S,05F0494S,42,0,0
2023/10/15 12:15,05F0439S,05F0494S,5,0,0
2023/10/15 12:20,05F0000S,05F0055S,31,255,114
2023/10/15 12:20,05F0000S,05F0055S,32,255,27
2023/10/15 12:20,05F0000S,05F0055S,41,258,5
2023/10/15 12:20,05F0000S,05F0055S,42,0,0
2023/10/15 12:20,05F0000S,05F0055S,5,0,0
2023/10/15 12:20,05F0055S,05F0287S,31,1000,104
2023/10/15 12:20,05F0055S,05F0287S,32,1010,30
2023/10/15 12:20,05F0055S,05F0287S,41,1046,6
2023/10/15 12:20,05F0055S,05F0287S,42,0,0
2023/10/15 12:20,05F0055S,05F0287S,5,0,0
2023/10/15 12:20,05F0287S,05F0309S,31,85,75
2023/10/15 12:20,05F0287S,05F0309S,32,90,19
2023/10/15 12:20,05F0287S,05F0309S,41,95,2
2023/10/15 12:20,05F0287S,05F0309S,42,0,0
2023/10/15 12:20,05F0287S,05F0309S,5,0,0
2023/10/15 12:20,05F0309S,05F0439S,31,458,48
2023/10/15 12:20,05F0309S,05F0439S,32,481,7
2023/10/15 12:20,05F0309S,05F0439S,41,537,1
2023/10/15 12:20,05F0309S,05F0439S,42,0,0
2023/10/15 12:20,05F0309S,05F0439S,5,0,0
2023/10/15 12:20,05F0439S,05F0494S,31,198,45
2023/10/15 12:20,05F0439S,05F0494S,32,201,5
2023/10/15 12:20,05F0439S,05F0494S,41,207,2
2023/10/15 12:20,05F0439S,05F0494S,42,0,0
2023/10/15 12:20,05F0439S,05F0494S,5,0,0
2023/10/15 12:25,05F0000S,05F0055S,31,253,125
2023/10/15 12:25,05F0000S,05F0055S,32,251,18
2023/10/15 12:25,05F0000S,05F0055S,41,266,6
2023/10/15 12:25,05F0000S,05F0055S,42,0,0
2023/10/15 12:25,05F0000S,05F0055S,5,0,0
2023/10/15 12:25,05F0055S,05F0287S,31,1036,114
2023/10/15 12:25,05F0055S,05F0287S,32,1051,24
2023/10/15 12:25,05F0055S,05F0287S,41,1055,1
2023/10/15 12:25,05F0055S,05F0287S,42,0,0
2023/10/15 12:25,05F0055S,05F0287S,5,0,0
2023/10/15 12:25,05F0287S,05F0309S,31,89,57
2023/10/15 12:25,05F0287S,05F0309S,32,85,18
2023/10/15 12:25,05F0287S,05F0309S,41,95,3
2023/10/15 12:25,05F0287S,05F0309S,42,0,0
2023/10/15 12:25,05F0287S,05F0309S,5,0,0
2023/10/15 12:25,05F0309S,05F0439S,31,487,40
2023/10/15 12:25,05F0309S,05F0439S,32,481,16
2023/10/15 12:25,05F0309S,05F0439S,41,520,2
2023/10/15 12:25,05F0309S,05F0439S,42,0,0
2023/10/15 12:25,05F0309S,05F0439S,5,533,1
2023/10/15 12:25,05F0439S,05F0494S,31,207,39
2023/10/15 12:25,05F0439S,05F0494S,32,200,5
2023/10/15 12:25,05F0439S,05F0494S,41,0,0
2023/10/15 12:25,05F0439S,05F0494S,42,0,0
2023/10/15 12:25,05F0439S,05F0494S,5,0,0
2023/10/15 12:30,05F0000S,05F0055S,31,248,93
2023/10/15 12:30,05F0000S,05F0055S,32,250,31
2023/10/15 12:30,05F0000S,05F0055S,41,250,3
2023/10/15 12:30,05F0000S,05F0055S,42,0,0
2023/10/15 12:30,05F0000S,05F0055S,5,0,0
2023/10/15 12:30,05F0055S,05F0287S,31,1039,108
2023/10/15 12:30,05F0055S,05F0287S,32,1040,25
2023/10/15 12:30,05F0055S,05F0287S,41,1059,5
2023/10/15 12:30,05F0055S,05F0287S,42,0,0
2023/10/15 12:30,05F0055S,05F0287S,5,0,0
2023/10/15 12:30,05F0287S,05F0309S,31,89,74
2023/10/15 12:30,05F0287S,05F0309S,32,92,15
2023/10/15 12:30,05F0287S,05F0309S,41,95,3
2023/10/15 12:30,05F0287S,05F0309S,42,0,0
2023/10/15 12:30,05F0287S,05F0309S,5,0,0
2023/10/15 12:30,05F0309S,05F0439S,31,475,39
2023/10/15 12:30,05F0309S,05F0439S,32,485,12
2023/10/15 12:30,05F0309S,05F0439S,41,512,2
2023/10/15 12:30,05F0309S,05F0439S,42,0,0
2023/10/15 12:30,05F0309S,05F0439S,5,0,0
2023/10/15 12:30,05F0439S,05F0494S,31,205,35
2023/10/15 12:30,05F0439S,05F0494S,32,203,5
2023/10/15 12:30,05F0439S,05F0494S,41,225,2
2023/10/15 12:30,05F0439S,05F0494S,42,0,0
2023/10/15 12:30,05F0439S,05F0494S,5,0,0
2023/10/15 12:35,05F0000S,05F0055S,31,253,111
2023/10/15 12:35,05F0000S,05F0055S,32,258,22
2023/10/15 12:35,05F0000S,05F0055S,41,256,2
2023/10/15 12:35,05F0000S,05F0055S,42,0,0
2023/10/15 12:35,05F0000S,05F0055S,5,0,0
2023/10/15 12:35,05F0055S,05F0287S,31,1014,129
2023/10/15 12:35,05F0055S,05F0287S,32,1016,29
2023/10/15 12:35,05F0055S,05F0287S,41,1058,5
2023/10/15 12:35,05F0055S,05F0287S,42,0,0
2023/10/15 12:35,05F0055S,05F0287S,5,0,0
2023/10/15 12:35,05F0287S,05F0309S,31,86,78
2023/10/15 12:35,05F0287S,05F0309S,32,86,16
2023/10/15 12:35,05F0287S,05F0309S,41,94,2
2023/10/15 12:35,05F0287S,05F0309S,42,0,0
2023/10/15 12:35,05F0287S,05F0309S,5,0,0
2023/10/15 12:35,05F0309S,05F0439S,31,472,49
2023/10/15 12:35,05F0309S,05F0439S,32,521,9
2023/10/15 12:35,05F0309S,05F0439S,41,535,2
2023/10/15 12:35,05F0309S,05F0439S,42,0,0
2023/10/15 12:35,05F0309S,05F0439S,5,0,0
2023/10/15 12:35,05F0439S,05F0494S,31,209,25
2023/10/15 12:35,05F0439S,05F0494S,32,231,3
2023/10/15 12:35,05F0439S,05F0494S,41,221,1
2023/10/15 12:35,05F0439S,05F0494S,42,0,0
2023/10/15 12:35,05F0439S,05F0494S,5,0,0
2023/10/15 12:40,05F0000S,05F0055S,31,250,92
2023/10/15 12:40,05F0000S,05F0055S,32,254,33
2023/10/15 12:40,05F0000S,05F0055S,41,271,6
2023/10/15 12:40,05F0000S,05F0055S,42,0,0
2023/10/15 12:40,05F0000S,05F0055S,5,0,0
2023/10/15 12:40,05F0055S,05F0287S,31,1029,112
2023/10/15 12:40,05F0055S,05F0287S,32,1029,21
2023/10/15 12:40,05F0055S,05F0287S,41,1091,1
2023/10/15 12:40,05F0055S,05F0287S,42,0,0
2023/10/15 12:40,05F0055S,05F0287S,5,0,0
2023/10/15 12:40,05F0287S,05F0309S,31,87,77
2023/10/15 12:40,05F0287S,05F0309S,32,88,19
2023/10/15 12:40,05F0287S,05F0309S,41,93,3
2023/10/15 12:40,05F0287S,05F0309S,42,0,0
2023/10/15 12:40,05F0287S,05F0309S,5,0,0
2023/10/15 12:40,05F0309S,05F0439S,31,482,48
2023/10/15 12:40,05F0309S,05F0439S,32,482,11
2023/10/15 12:40,05F0309S,05F0439S,41,518,3
2023/10/15 12:40,05F0309S,05F0439S,42,0,0
2023/10/15 12:40,05F0309S,05F0439S,5,565,1
2023/10/15 12:40,05F0439S,05F0494S,31,209,22
2023/10/15 12:40,05F0439S,05F0494S,32,205,10
2023/10/15 12:40,05F0439S,05F0494S,41,0,0
2023/10/15 12:40,05F0439S,05F0494S,42,0,0
2023/10/15 12:40,05F0439S,05F0494S,5,239,1
2023/10/15 12:45,05F0000S,05F0055S,31,262,113
2023/10/15 12:45,05F0000S,05F0055S,32,260,32
2023/10/15 12:45,05F0000S,05F0055S,41,263,3
2023/10/15 12:45,05F0000S,05F0055S,42,0,0
2023/10/15 12:45,05F0000S,05F0055S,5,0,0
2023/10/15 12:45,05F0055S,05F0287S,31,1019,112
2023/10/15 12:45,05F0055S,05F0287S,32,1021,28
2023/10/15 12:45,05F0055S,05F0287S,41,1056,8
2023/10/15 12:45,05F0055S,05F0287S,42,0,0
2023/10/15 12:45,05F0055S,05F0287S,5,0,0
2023/10/15 12:45,05F0287S,05F0309S,31,86,74
2023/10/15 12:45,05F0287S,05F0309S,32,87,17
2023/10/15 12:45,05F0287S,05F0309S,41,93,4
2023/10/15 12:45,05F0287S,05F0309S,42,0,0
2023/10/15 12:45,05F0287S,05F0309S,5,0,0
2023/10/15 12:45,05F0309S,05F0439S,31,486,56
2023/10/15 12:45,05F0309S,05F0439S,32,475,18
2023/10/15 12:45,05F0309S,05F0439S,41,483,1
2023/10/15 12:45,05F0309S,05F0439S,42,0,0
2023/10/15 12:45,05F0309S,05F0439S,5,0,0
2023/10/15 12:45,05F0439S,05F0494S,31,214,35
2023/10/15 12:45,05F0439S,05F0494S,32,214,7
2023/10/15 12:45,05F0439S,05F0494S,41,0,0
2023/10/15 12:45,05F0439S,05F0494S,42,0,0
2023/10/15 12:45,05F0439S,05F0494S,5,0,0
2023/10/15 12:50,05F0000S,05F0055S,31,243,93
2023/10/15 12:50,05F0000S,05F0055S,32,245,24
2023/10/15 12:50,05F0000S,05F0055S,41,251,4
2023/10/15 12:50,05F0000S,05F0055S,42,0,0
2023/10/15 12:50,05F0000S,05F0055S,5,0,0
2023/10/15 12:50,05F0055S,05F0287S,31,1021,108
2023/10/15 12:50,05F0055S,05F0287S,32,1003,23
2023/10/15 12:50,05F0055S,05F0287S,41,1058,1
2023/10/15 12:50,05F0055S,05F0287S,42,0,0
2023/10/15 12:50,05F0055S,05F0287S,5,0,0
2023/10/15 12:50,05F0287S,05F0309S,31,86,67
2023/10/15 12:50,05F0287S,05F0309S,32,87,16
2023/10/15 12:50,05F0287S,05F0309S,41,95,3
2023/10/15 12:50,05F0287S,05F0309S,42,0,0
2023/10/15 12:50,05F0287S,05F0309S,5,0,0
2023/10/15 12:50,05F0309S,05F0439S,31,462,57
2023/10/15 12:50,05F0309S,05F0439S,32,506,16
2023/10/15 12:50,05F0309S,05F0439S,41,539,2
2023/10/15 12:50,05F0309S,05F0439S,42,0,0
2023/10/15 12:50,05F0309S,05F0439S,5,500,1
2023/10/15 12:50,05F0439S,05F0494S,31,209,34
2023/10/15 12:50,05F0439S,05F0494S,32,214,11
2023/10/15 12:50,05F0439S,05F0494S,41,211,1
2023/10/15 12:50,05F0439S,05F0494S,42,0,0
2023/10/15 12:50,05F0439S,05F0494S,5,0,0
2023/10/15 12:55,05F0000S,05F0055S,31,253,98
2023/10/15 12:55,05F0000S,05F0055S,32,257,33
2023/10/15 12:55,05F0000S,05F0055S,41,256,4
2023/10/15 12:55,05F0000S,05F0055S,42,0,0
2023/10/15 12:55,05F0000S,05F0055S,5,0,0
2023/10/15 12:55,05F0055S,05F0287S,31,1000,107
2023/10/15 12:55,05F0055S,05F0287S,32,1001,34
2023/10/15 12:55,05F0055S,05F0287S,41,1049,3
2023/10/15 12:55,05F0055S,05F0287S,42,0,0
2023/10/15 12:55,05F0055S,05F0287S,5,0,0
2023/10/15 12:55,05F0287S,05F0309S,31,86,76
2023/10/15 12:55,05F0287S,05F0309S,32,87,20
2023/10/15 12:55,05F0287S,05F0309S,41,88,2
2023/10/15 12:55,05F0287S,05F0309S,42,0,0
2023/10/15 12:55,05F0287S,05F0309S,5,0,0
2023/10/15 12:55,05F0309S,05F0439S,31,483,55
2023/10/15 12:55,05F0309S,05F0439S,32,484,13
2023/10/15 12:55,05F0309S,05F0439S,41,509,2
2023/10/15 12:55,05F0309S,05F0439S,42,0,0
2023/10/15 12:55,05F0309S,05F0439S,5,520,1
2023/10/15 12:55,05F0439S,05F0494S,31,206,43
2023/10/15 12:55,05F0439S,05F0494S,32,202,7
2023/10/15 12:55,05F0439S,05F0494S,41,0,0
2023/10/15 12:55,05F0439S,05F0494S,42,0,0
2023/10/15 12:55,05F0439S,05F0494S,5,226,1
2023/10/15 13:00,05F0000S,05F0055S,31,254,111
2023/10/15 13:00,05F0000S,05F0055S,32,246,14
2023/10/15 13:00,05F0000S,05F0055S,41,257,3
2023/10/15 13:00,05F0000S,05F0055S,42,0,0
2023/10/15 13:00,05F0000S,05F0055S,5,0,0
2023/10/15 13:00,05F0055S,05F0287S,31,1004,86
2023/10/15 13:00,05F0055S,05F0287S,32,1011,23
2023/10/15 13:00,05F0055S,05F0287S,41,1035,4
2023/10/15 13:00,05F0055S,05F0287S,42,0,0
2023/10/15 13:00,05F0055S,05F0287S,5,0,0
2023/10/15 13:00,05F0287S,05F0309S,31,85,51
2023/10/15 13:00,05F0287S,05F0309S,32,89,13
2023/10/15 13:00,05F0287S,05F0309S,41,92,4
2023/10/15 13:00,05F0287S,05F0309S,42,0,0
2023/10/15 13:00,05F0287S,05F0309S,5,0,0
2023/10/15 13:00,05F0309S,05F0439S,31,475,55
2023/10/15 13:00,05F0309S,05F0439S,32,487,9
2023/10/15 13:00,05F0309S,05F0439S,41,539,2
2023/10/15 13:00,05F0309S,05F0439S,42,0,0
2023/10/15 13:00,05F0309S,05F0439S,5,509,2
2023/10/15 13:00,05F0439S,05F0494S,31,207,30
2023/10/15 13:00,05F0439S,05F0494S,32,210,13
2023/10/15 13:00,05F0439S,05F0494S,41,209,1
2023/10/15 13:00,05F0439S,05F0494S,42,0,0
2023/10/15 13:00,05F0439S,05F0494S,5,216,1
2023/10/15 13:05,05F0000S,05F0055S,31,248,103
2023/10/15 13:05,05F0000S,05F0055S,32,252,29
2023/10/15 13:05,05F0000S,05F0055S,41,262,2
2023/10/15 13:05,05F0000S,05F0055S,42,0,0
2023/10/15 13:05,05F0000S,05F0055S,5,0,0
2023/10/15 13:05,05F0055S,05F0287S,31,1031,127
2023/10/15 13:05,05F0055S,05F0287S,32,1025,37
2023/10/15 13:05,05F0055S,05F0287S,41,1048,4
2023/10/15 13:05,05F0055S,05F0287S,42,0,0
2023/10/15 13:05,05F0055S,05F0287S,5,0,0
2023/10/15 13:05,05F0287S,05F0309S,31,85,78
2023/10/15 13:05,05F0287S,05F0309S,32,86,21
2023/10/15 13:05,05F0287S,05F0309S,41,94,1
2023/10/15 13:05,05F0287S,05F0309S,42,0,0
2023/10/15 13:05,05F0287S,05F0309S,5,0,0
2023/10/15 13:05,05F0309S,05F0439S,31,473,52
2023/10/15 13:05,05F0309S,05F0439S,32,481,6
2023/10/15 13:05,05F0309S,05F0439S,41,516,2
2023/10/15 13:05,05F0309S,05F0439S,42,0,0
2023/10/15 13:05,05F0309S,05F0439S,5,0,0
2023/10/15 13:05,05F0439S,05F0494S,31,202,44
2023/10/15 13:05,05F0439S,05F0494S,32,213,6
2023/10/15 13:05,05F0439S,05F0494S,41,216,1
2023/10/15 13:05,05F0439S,05F0494S,42,0,0
2023/10/15 13:05,05F0439S,05F0494S,5,230,1
2023/10/15 13:10,05F0000S,05F0055S,31,250,86
2023/10/15 13:10,05F0000S,05F0055S,32,255,25
2023/10/15 13:10,05F0000S,05F0055S,41,264,5
2023/10/15 13:10,05F0000S,05F0055S,42,0,0
2023/10/15 13:10,05F0000S,05F0055S,5,0,0
2023/10/15 13:10,05F0055S,05F0287S,31,1001,89
2023/10/15 13:10,05F0055S,05F0287S,32,1005,33
2023/10/15 13:10,05F0055S,05F0287S,41,1039,7
2023/10/15 13:10,05F0055S,05F0287S,42,0,0
2023/10/15 13:10,05F0055S,05F0287S,5,0,0
2023/10/15 13:10,05F0287S,05F0309S,31,86,76
2023/10/15 13:10,05F0287S,05F0309S,32,83,21
2023/10/15 13:10,05F0287S,05F0309S,41,89,4
2023/10/15 13:10,05F0287S,05F0309S,42,0,0
2023/10/15 13:10,05F0287S,05F0309S,5,0,0
2023/10/15 13:10,05F0309S,05F0439S,31,445,34
2023/10/15 13:10,05F0309S,05F0439S,32,440,7
2023/10/15 13:10,05F0309S,05F0439S,41,561,1
2023/10/15 13:10,05F0309S,05F0439S,42,0,0
2023/10/15 13:10,05F0309S,05F0439S,5,0,0
2023/10/15 13:10,05F0439S,05F0494S,31,204,31
2023/10/15 13:10,05F0439S,05F0494S,32,207,5
2023/10/15 13:10,05F0439S,05F0494S,41,0,0
2023/10/15 13:10,05F0439S,05F0494S,42,0,0
2023/10/15 13:10,05F0439S,05F0494S,5,0,0
2023/10/15 13:15,05F0000S,05F0055S,31,254,86
2023/10/15 13:15,05F0000S,05F0055S,32,259,17
2023/10/15 13:15,05F0000S,05F0055S,41,258,7
2023/10/15 13:15,05F0000S,05F0055S,42,0,0
2023/10/15 13:15,05F0000S,05F0055S,5,0,0
2023/10/15 13:15,05F0055S,05F0287S,31,1003,102
2023/10/15 13:15,05F0055S,05F0287S,32,1011,28
2023/10/15 13:15,05F0055S,05F0287S,41,1057,4
2023/10/15 13:15,05F0055S,05F0287S,42,0,0
2023/10/15 13:15,05F0055S,05F0287S,5,0,0
2023/10/15 13:15,05F0287S,05F0309S,31,83,62
2023/10/15 13:15,05F0287S,05F0309S,32,84,18
2023/10/15 13:15,05F0287S,05F0309S,41,92,5
2023/10/15 13:15,05F0287S,05F0309S,42,0,0
2023/10/15 13:15,05F0287S,05F0309S,5,0,0
2023/10/15 13:15,05F0309S,05F0439S,31,465,63
2023/10/15 13:15,05F0309S,05F0439S,32,477,15
2023/10/15 13:15,05F0309S,05F0439S,41,536,2
2023/10/15 13:15,05F0309S,05F0439S,42,0,0
2023/10/15 13:15,05F0309S,05F0439S,5,0,0
2023/10/15 13:15,05F0439S,05F0494S,31,203,37
2023/10/15 13:15,05F0439S,05F0494S,32,193,6
2023/10/15 13:15,05F0439S,05F0494S,41,0,0
2023/10/15 13:15,05F0439S,05F0494S,42,0,0
2023/10/15 13:15,05F0439S,05F0494S,5,236,1
2023/10/15 13:20,05F0000S,05F0055S,31,253,95
2023/10/15 13:20,05F0000S,05F0055S,32,245,22
2023/10/15 13:20,05F0000S,05F0055S,41,245,3
2023/10/15 13:20,05F0000S,05F0055S,42,0,0
2023/10/15 13:20,05F0000S,05F0055S,5,0,0
2023/10/15 13:20,05F0055S,05F0287S,31,1023,104
2023/10/15 13:20,05F0055S,05F0287S,32,1036,23
2023/10/15 13:20,05F0055S,05F0287S,41,1080,1
2023/10/15 13:20,05F0055S,05F0287S,42,0,0
2023/10/15 13:20,05F0055S,05F0287S,5,0,0
2023/10/15 13:20,05F0287S,05F0309S,31,86,54
2023/10/15 13:20,05F0287S,05F0309S,32,85,12
2023/10/15 13:20,05F0287S,05F0309S,41,100,1
2023/10/15 13:20,05F0287S,05F0309S,42,0,0
2023/10/15 13:20,05F0287S,05F0309S,5,0,0
2023/10/15 13:20,05F0309S,05F0439S,31,460,53
2023/10/15 13:20,05F0309S,05F0439S,32,471,12
2023/10/15 13:20,05F0309S,05F0439S,41,507,3
2023/10/15 13:20,05F0309S,05F0439S,42,737,1
2023/10/15 13:20,05F0309S,05F0439S,5,540,2
2023/10/15 13:20,05F0439S,05F0494S,31,208,29
2023/10/15 13:20,05F0439S,05F0494S,32,208,8
2023/10/15 13:20,05F0439S,05F0494S,41,224,1
2023/10/15 13:20,05F0439S,05F0494S,42,0,0
2023/10/15 13:20,05F0439S,05F0494S,5,0,0
2023/10/15 13:25,05F0000S,05F0055S,31,245,90
2023/10/15 13:25,05F0000S,05F0055S,32,247,22
2023/10/15 13:25,05F0000S,05F0055S,41,256,9
2023/10/15 13:25,05F0000S,05F0055S,42,0,0
2023/10/15 13:25,05F0000S,05F0055S,5,0,0
2023/10/15 13:25,05F0055S,05F0287S,31,1004,99
2023/10/15 13:25,05F0055S,05F0287S,32,998,26
2023/10/15 13:25,05F0055S,05F0287S,41,1024,5
2023/10/15 13:25,05F0055S,05F0287S,42,0,0
2023/10/15 13:25,05F0055S,05F0287S,5,0,0
2023/10/15 13:25,05F0287S,05F0309S,31,88,71
2023/10/15 13:25,05F0287S,05F0309S,32,87,25
2023/10/15 13:25,05F0287S,05F0309S,41,88,3
2023/10/15 13:25,05F0287S,05F0309S,42,0,0
2023/10/15 13:25,05F0287S,05F0309S,5,0,0
2023/10/15 13:25,05F0309S,05F0439S,31,462,52
2023/10/15 13:25,05F0309S,05F0439S,32,488,9
2023/10/15 13:25,05F0309S,05F0439S,41,541,2
2023/10/15 13:25,05F0309S,05F0439S,42,0,0
2023/10/15 13:25,05F0309S,05F0439S,5,504,1
2023/10/15 13:25,05F0439S,05F0494S,31,207,26
2023/10/15 13:25,05F0439S,05F0494S,32,205,9
2023/10/15 13:25,05F0439S,05F0494S,41,223,1
2023/10/15 13:25,05F0439S,05F0494S,42,0,0
2023/10/15 13:25,05F0439S,05F0494S,5,220,1
2023/10/15 13:30,05F0000S,05F0055S,31,246,87
2023/10/15 13:30,05F0000S,05F0055S,32,258,19
2023/10/15 13:30,05F0000S,05F0055S,41,246,2
2023/10/15 13:30,05F0000S,05F0055S,42,0,0
2023/10/15 13:30,05F0000S,05F0055S,5,0,0
2023/10/15 13:30,05F0055S,05F0287S,31,1000,90
2023/10/15 13:30,05F0055S,05F0287S,32,1000,26
2023/10/15 13:30,05F0055S,05F0287S,41,1017,4
2023/10/15 13:30,05F0055S,05F0287S,42,0,0
2023/10/15 13:30,05F0055S,05F0287S,5,0,0
2023/10/15 13:30,05F0287S,05F0309S,31,89,60
2023/10/15 13:30,05F0287S,05F0309S,32,92,15
2023/10/15 13:30,05F0287S,05F0309S,41,91,1
2023/10/15 13:30,05F0287S,05F0309S,42,0,0
2023/10/15 13:30,05F0287S,05F0309S,5,0,0
2023/10/15 13:30,05F0309S,05F0439S,31,475,34
2023/10/15 13:30,05F0309S,05F0439S,32,485,10
2023/10/15 13:30,05F0309S,05F0439S,41,538,4
2023/10/15 13:30,05F0309S,05F0439S,42,0,0
2023/10/15 13:30,05F0309S,05F0439S,5,555,1
2023/10/15 13:30,05F0439S,05F0494S,31,215,42
2023/10/15 13:30,05F0439S,05F0494S,32,214,12
2023/10/15 13:30,05F0439S,05F0494S,41,0,0
2023/10/15 13:30,05F0439S,05F0494S,42,0,0
2023/10/15 13:30,05F0439S,05F0494S,5,218,1
2023/10/15 13:35,05F0000S,05F0055S,31,253,112
2023/10/15 13:35,05F0000S,05F0055S,32,251,30
2023/10/15 13:35,05F0000S,05F0055S,41,266,3
2023/10/15 13:35,05F0000S,05F0055S,42,0,0
2023/10/15 13:35,05F0000S,05F0055S,5,0,0
2023/10/15 13:35,05F0055S,05F0287S,31,1007,87
2023/10/15 13:35,05F0055S,05F0287S,32,1004,16
2023/10/15 13:35,05F0055S,05F0287S,41,1032,6
2023/10/15 13:35,05F0055S,05F0287S,42,0,0
2023/10/15 13:35,05F0055S,05F0287S,5,0,0
2023/10/15 13:35,05F0287S,05F0309S,31,87,65
2023/10/15 13:35,05F0287S,05F0309S,32,87,13
2023/10/15 13:35,05F0287S,05F0309S,41,92,6
2023/10/15 13:35,05F0287S,05F0309S,42,0,0
2023/10/15 13:35,05F0287S,05F0309S,5,0,0
2023/10/15 13:35,05F0309S,05F0439S,31,471,33
2023/10/15 13:35,05F0309S,05F0439S,32,480,20
2023/10/15 13:35,05F0309S,05F0439S,41,483,3
2023/10/15 13:35,05F0309S,05F0439S,42,0,0
2023/10/15 13:35,05F0309S,05F0439S,5,534,2
2023/10/15 13:35,05F0439S,05F0494S,31,210,24
2023/10/15 13:35,05F0439S,05F0494S,32,203,11
2023/10/15 13:35,05F0439S,05F0494S,41,204,1
2023/10/15 13:35,05F0439S,05F0494S,42,0,0
2023/10/15 13:35,05F0439S,05F0494S,5,0,0
2023/10/15 13:40,05F0000S,05F0055S,31,246,90
2023/10/15 13:40,05F0000S,05F0055S,32,247,22
2023/10/15 13:40,05F0000S,05F0055S,41,243,1
2023/10/15 13:40,05F0000S,05F0055S,42,0,0
2023/10/15 13:40,05F0000S,05F0055S,5,0,0
2023/10/15 13:40,05F0055S,05F0287S,31,997,97
2023/10/15 13:40,05F0055S,05F0287S,32,986,23
2023/10/15 13:40,05F0055S,05F0287S,41,1054,7
2023/10/15 13:40,05F0055S,05F0287S,42,0,0
2023/10/15 13:40,05F0055S,05F0287S,5,0,0
2023/10/15 13:40,05F0287S,05F0309S,31,85,66
2023/10/15 13:40,05F0287S,05F0309S,32,84,15
2023/10/15 13:40,05F0287S,05F0309S,41,92,1
2023/10/15 13:40,05F0287S,05F0309S,42,0,0
2023/10/15 13:40,05F0287S,05F0309S,5,0,0
2023/10/15 13:40,05F0309S,05F0439S,31,477,49
2023/10/15 13:40,05F0309S,05F0439S,32,493,11
2023/10/15 13:40,05F0309S,05F0439S,41,532,4
2023/10/15 13:40,05F0309S,05F0439S,42,0,0
2023/10/15 13:40,05F0309S,05F0439S,5,0,0
2023/10/15 13:40,05F0439S,05F0494S,31,202,30
2023/10/15 13:40,05F0439S,05F0494S,32,211,13
2023/10/15 13:40,05F0439S,05F0494S,41,236,1
2023/10/15 13:40,05F0439S,05F0494S,42,0,0
2023/10/15 13:40,05F0439S,05F0494S,5,0,0
2023/10/15 13:45,05F0000S,05F0055S,31,253,95
2023/10/15 13:45,05F0000S,05F0055S,32,254,21
2023/10/15 13:45,05F0000S,05F0055S,41,262,4
2023/10/15 13:45,05F0000S,05F0055S,42,0,0
2023/10/15 13:45,05F0000S,05F0055S,5,0,0
2023/10/15 13:45,05F0055S,05F0287S,31,1009,105
2023/10/15 13:45,05F0055S,05F0287S,32,1019,20
2023/10/15 13:45,05F0055S,05F0287S,41,1061,5
2023/10/15 13:45,05F0055S,05F0287S,42,0,0
2023/10/15 13:45,05F0055S,05F0287S,5,0,0
2023/10/15 13:45,05F0287S,05F0309S,31,85,72
2023/10/15 13:45,05F0287S,05F0309S,32,86,12
2023/10/15 13:45,05F0287S,05F0309S,41,91,6
2023/10/15 13:45,05F0287S,05F0309S,42,0,0
2023/10/15 13:45,05F0287S,05F0309S,5,0,0
2023/10/15 13:45,05F0309S,05F0439S,31,481,45
2023/10/15 13:45,05F0309S,05F0439S,32,507,11
2023/10/15 13:45,05F0309S,05F0439S,41,531,1
2023/10/15 13:45,05F0309S,05F0439S,42,0,0
2023/10/15 13:45,05F0309S,05F0439S,5,553,2
2023/10/15 13:45,05F0439S,05F0494S,31,203,37
2023/10/15 13:45,05F0439S,05F0494S,32,202,4
2023/10/15 13:45,05F0439S,05F0494S,41,0,0
2023/10/15 13:45,05F0439S,05F0494S,42,0,0
2023/10/15 13:45,05F0439S,05F0494S,5,0,0
2023/10/15 13:50,05F0000S,05F0055S,31,271,111
2023/10/15 13:50,05F0000S,05F0055S,32,263,23
2023/10/15 13:50,05F0000S,05F0055S,41,262,6
2023/10/15 13:50,05F0000S,05F0055S,42,0,0
2023/10/15 13:50,05F0000S,05F0055S,5,0,0
2023/10/15 13:50,05F0055S,05F0287S,31,1007,113
2023/10/15 13:50,05F0055S,05F0287S,32,1008,31
2023/10/15 13:50,05F0055S,05F0287S,41,1100,2
2023/10/15 13:50,05F0055S,05F0287S,42,0,0
2023/10/15 13:50,05F0055S,05F0287S,5,0,0
2023/10/15 13:50,05F0287S,05F0309S,31,87,66
2023/10/15 13:50,05F0287S,05F0309S,32,86,19
2023/10/15 13:50,05F0287S,05F0309S,41,90,1
2023/10/15 13:50,05F0287S,05F0309S,42,0,0
2023/10/15 13:50,05F0287S,05F0309S,5,0,0
2023/10/15 13:50,05F0309S,05F0439S,31,471,53
2023/10/15 13:50,05F0309S,05F0439S,32,467,10
2023/10/15 13:50,05F0309S,05F0439S,41,521,4
2023/10/15 13:50,05F0309S,05F0439S,42,0,0
2023/10/15 13:50,05F0309S,05F0439S,5,499,1
2023/10/15 13:50,05F0439S,05F0494S,31,207,40
2023/10/15 13:50,05F0439S,05F0494S,32,212,10
2023/10/15 13:50,05F0439S,05F0494S,41,0,0
2023/10/15 13:50,05F0439S,05F0494S,42,0,0
2023/10/15 13:50,05F0439S,05F0494S,5,211,2
2023/10/15 13:55,05F0000S,05F0055S,31,253,104
2023/10/15 13:55,05F0000S,05F0055S,32,254,41
2023/10/15 13:55,05F0000S,05F0055S,41,242,3
2023/10/15 13:55,05F0000S,05F0055S,42,0,0
2023/10/15 13:55,05F0000S,05F0055S,5,0,0
2023/10/15 13:55,05F0055S,05F0287S,31,986,100
2023/10/15 13:55,05F0055S,05F0287S,32,993,30
2023/10/15 13:55,05F0055S,05F0287S,41,1041,2
2023/10/15 13:55,05F0055S,05F0287S,42,0,0
2023/10/15 13:55,05F0055S,05F0287S,5,0,0
2023/10/15 13:55,05F0287S,05F0309S,31,84,65
2023/10/15 13:55,05F0287S,05F0309S,32,89,22
2023/10/15 13:55,05F0287S,05F0309S,41,91,2
2023/10/15 13:55,05F0287S,05F0309S,42,0,0
2023/10/15 13:55,05F0287S,05F0309S,5,0,0
2023/10/15 13:55,05F0309S,05F0439S,31,464,52
2023/10/15 13:55,05F0309S,05F0439S,32,492,8
2023/10/15 13:55,05F0309S,05F0439S,41,539,1
2023/10/15 13:55,05F0309S,05F0439S,42,0,0
2023/10/15 13:55,05F0309S,05F0439S,5,0,0
2023/10/15 13:55,05F0439S,05F0494S,31,197,37
2023/10/15 13:55,05F0439S,05F0494S,32,206,4
2023/10/15 13:55,05F0439S,05F0494S,41,218,1
2023/10/15 13:55,05F0439S,05F0494S,42,0,0
2023/10/15 13:55,05F0439S,05F0494S,5,0,0
2023/10/15 14:00,05F0000S,05F0055S,31,255,106
2023/10/15 14:00,05F0000S,05F0055S,32,258,20
2023/10/15 14:00,05F0000S,05F0055S,41,256,5
2023/10/15 14:00,05F0000S,05F0055S,42,0,0
2023/10/15 14:00,05F0000S,05F0055S,5,0,0
2023/10/15 14:00,05F0055S,05F0287S,31,1003,91
2023/10/15 14:00,05F0055S,05F0287S,32,1006,20
2023/10/15 14:00,05F0055S,05F0287S,41,1030,2
2023/10/15 14:00,05F0055S,05F0287S,42,0,0
2023/10/15 14:00,05F0055S,05F0287S,5,0,0
2023/10/15 14:00,05F0287S,05F0309S,31,86,73
2023/10/15 14:00,05F0287S,05F0309S,32,87,12
2023/10/15 14:00,05F0287S,05F0309S,41,0,0
2023/10/15 14:00,05F0287S,05F0309S,42,0,0
2023/10/15 14:00,05F0287S,05F0309S,5,0,0
2023/10/15 14:00,05F0309S,05F0439S,31,477,53
2023/10/15 14:00,05F0309S,05F0439S,32,483,9
2023/10/15 14:00,05F0309S,05F0439S,41,0,0
2023/10/15 14:00,05F0309S,05F0439S,42,503,2
2023/10/15 14:00,05F0309S,05F0439S,5,546,1
2023/10/15 14:00,05F0439S,05F0494S,31,207,42
2023/10/15 14:00,05F0439S,05F0494S,32,210,11
2023/10/15 14:00,05F0439S,05F0494S,41,0,0
2023/10/15 14:00,05F0439S,05F0494S,42,234,3
2023/10/15 14:00,05F0439S,05F0494S,5,223,2
2023/10/15 14:05,05F0000S,05F0055S,31,260,111
2023/10/15 14:05,05F0000S,05F0055S,32,262,22
2023/10/15 14:05,05F0000S,05F0055S,41,259,2
2023/10/15 14:05,05F0000S,05F0055S,42,0,0
2023/10/15 14:05,05F0000S,05F0055S,5,0,0
2023/10/15 14:05,05F0055S,05F0287S,31,1004,84
2023/10/15 14:05,05F0055S,05F0287S,32,1000,25
2023/10/15 14:05,05F0055S,05F0287S,41,1017,5
2023/10/15 14:05,05F0055S,05F0287S,42,0,0
2023/10/15 14:05,05F0055S,05F0287S,5,0,0
2023/10/15 14:05,05F0287S,05F0309S,31,86,61
2023/10/15 14:05,05F0287S,05F0309S,32,90,14
2023/10/15 14:05,05F0287S,05F0309S,41,92,3
2023/10/15 14:05,05F0287S,05F0309S,42,0,0
2023/10/15 14:05,05F0287S,05F0309S,5,0,0
2023/10/15 14:05,05F0309S,05F0439S,31,471,44
2023/10/15 14:05,05F0309S,05F0439S,32,475,7
2023/10/15 14:05,05F0309S,05F0439S,41,518,2
2023/10/15 14:05,05F0309S,05F0439S,42,0,0
2023/10/15 14:05,05F0309S,05F0439S,5,0,0
2023/10/15 14:05,05F0439S,05F0494S,31,212,31
2023/10/15 14:05,05F0439S,05F0494S,32,216,5
2023/10/15 14:05,05F0439S,05F0494S,41,0,0
2023/10/15 14:05,05F0439S,05F0494S,42,212,1
2023/10/15 14:05,05F0439S,05F0494S,5,0,0
2023/10/15 14:10,05F0000S,05F0055S,31,252,98
2023/10/15 14:10,05F0000S,05F0055S,32,251,32
2023/10/15 14:10,05F0000S,05F0055S,41,245,4
2023/10/15 14:10,05F0000S,05F0055S,42,0,0
2023/10/15 14:10,05F0000S,05F0055S,5,0,0
2023/10/15 14:10,05F0055S,05F0287S,31,1009,113
2023/10/15 14:10,05F0055S,05F0287S,32,1006,40
2023/10/15 14:10,05F0055S,05F0287S,41,1033,3
2023/10/15 14:10,05F0055S,05F0287S,42,0,0
2023/10/15 14:10,05F0055S,05F0287S,5,0,0
2023/10/15 14:10,05F0287S,05F0309S,31,87,70
2023/10/15 14:10,05F0287S,05F0309S,32,87,18
2023/10/15 14:10,05F0287S,05F0309S,41,90,3
2023/10/15 14:10,05F0287S,05F0309S,42,0,0
2023/10/15 14:10,05F0287S,05F0309S,5,0,0
2023/10/15 14:10,05F0309S,05F0439S,31,472,46
2023/10/15 14:10,05F0309S,05F0439S,32,480,8
2023/10/15 14:10,05F0309S,05F0439S,41,544,1
2023/10/15 14:10,05F0309S,05F0439S,42,0,0
2023/10/15 14:10,05F0309S,05F0439S,5,528,2
2023/10/15 14:10,05F0439S,05F0494S,31,212,25
2023/10/15 14:10,05F0439S,05F0494S,32,197,5
2023/10/15 14:10,05F0439S,05F0494S,41,0,0
2023/10/15 14:10,05F0439S,05F0494S,42,0,0
2023/10/15 14:10,05F0439S,05F0494S,5,237,1
2023/10/15 14:15,05F0000S,05F0055S,31,261,133
2023/10/15 14:15,05F0000S,05F0055S,32,260,25
2023/10/15 14:15,05F0000S,05F0055S,41,262,4
2023/10/15 14:15,05F0000S,05F0055S,42,0,0
2023/10/15 14:15,05F0000S,05F0055S,5,0,0
2023/10/15 14:15,05F0055S,05F0287S,31,1022,105
2023/10/15 14:15,05F0055S,05F0287S,32,1020,28
2023/10/15 14:15,05F0055S,05F0287S,41,1069,5
2023/10/15 14:15,05F0055S,05F0287S,42,0,0
2023/10/15 14:15,05F0055S,05F0287S,5,0,0
2023/10/15 14:15,05F0287S,05F0309S,31,85,75
2023/10/15 14:15,05F0287S,05F0309S,32,89,23
2023/10/15 14:15,05F0287S,05F0309S,41,94,4
2023/10/15 14:15,05F0287S,05F0309S,42,0,0
2023/10/15 14:15,05F0287S,05F0309S,5,0,0
2023/10/15 14:15,05F0309S,05F0439S,31,461,45
2023/10/15 14:15,05F0309S,05F0439S,32,444,9
2023/10/15 14:15,05F0309S,05F0439S,41,533,3
2023/10/15 14:15,05F0309S,05F0439S,42,486,1
2023/10/15 14:15,05F0309S,05F0439S,5,0,0
2023/10/15 14:15,05F0439S,05F0494S,31,202,23
2023/10/15 14:15,05F0439S,05F0494S,32,211,6
2023/10/15 14:15,05F0439S,05F0494S,41,0,0
2023/10/15 14:15,05F0439S,05F0494S,42,0,0
2023/10/15 14:15,05F0439S,05F0494S,5,207,1
2023/10/15 14:20,05F0000S,05F0055S,31,257,131
2023/10/15 14:20,05F0000S,05F0055S,32,258,27
2023/10/15 14:20,05F0000S,05F0055S,41,250,5
2023/10/15 14:20,05F0000S,05F0055S,42,0,0
2023/10/15 14:20,05F0000S,05F0055S,5,0,0
2023/10/15 14:20,05F0055S,05F0287S,31,1009,112
2023/10/15 14:20,05F0055S,05F0287S,32,1016,30
2023/10/15 14:20,05F0055S,05F0287S,41,1041,4
2023/10/15 14:20,05F0055S,05F0287S,42,0,0
2023/10/15 14:20,05F0055S,05F0287S,5,0,0
2023/10/15 14:20,05F0287S,05F0309S,31,87,59
2023/10/15 14:20,05F0287S,05F0309S,32,90,19
2023/10/15 14:20,05F0287S,05F0309S,41,97,3
2023/10/15 14:20,05F0287S,05F0309S,42,0,0
2023/10/15 14:20,05F0287S,05F0309S,5,0,0
2023/10/15 14:20,05F0309S,05F0439S,31,482,42
2023/10/15 14:20,05F0309S,05F0439S,32,483,10
2023/10/15 14:20,05F0309S,05F0439S,41,521,1
2023/10/15 14:20,05F0309S,05F0439S,42,0,0
2023/10/15 14:20,05F0309S,05F0439S,5,0,0
2023/10/15 14:20,05F0439S,05F0494S,31,203,39
2023/10/15 14:20,05F0439S,05F0494S,32,200,5
2023/10/15 14:20,05F0439S,05F0494S,41,0,0
2023/10/15 14:20,05F0439S,05F0494S,42,216,1
2023/10/15 14:20,05F0439S,05F0494S,5,0,0
2023/10/15 14:25,05F0000S,05F0055S,31,250,97
2023/10/15 14:25,05F0000S,05F0055S,32,252,35
2023/10/15 14:25,05F0000S,05F0055S,41,258,4
2023/10/15 14:25,05F0000S,05F0055S,42,0,0
2023/10/15 14:25,05F0000S,05F0055S,5,0,0
2023/10/15 14:25,05F0055S,05F0287S,31,1028,120
2023/10/15 14:25,05F0055S,05F0287S,32,1016,30
2023/10/15 14:25,05F0055S,05F0287S,41,1018,4
2023/10/15 14:25,05F0055S,05F0287S,42,0,0
2023/10/15 14:25,05F0055S,05F0287S,5,0,0
2023/10/15 14:25,05F0287S,05F0309S,31,87,80
2023/10/15 14:25,05F0287S,05F0309S,32,88,17
2023/10/15 14:25,05F0287S,05F0309S,41,92,2
2023/10/15 14:25,05F0287S,05F0309S,42,0,0
2023/10/15 14:25,05F0287S,05F0309S,5,0,0
2023/10/15 14:25,05F0309S,05F0439S,31,456,49
2023/10/15 14:25,05F0309S,05F0439S,32,478,13
2023/10/15 14:25,05F0309S,05F0439S,41,495,2
2023/10/15 14:25,05F0309S,05F0439S,42,0,0
2023/10/15 14:25,05F0309S,05F0439S,5,507,1
2023/10/15 14:25,05F0439S,05F0494S,31,195,34
2023/10/15 14:25,05F0439S,05F0494S,32,206,18
2023/10/15 14:25,05F0439S,05F0494S,41,201,1
2023/10/15 14:25,05F0439S,05F0494S,42,0,0
2023/10/15 14:25,05F0439S,05F0494S,5,213,1
2023/10/15 14:30,05F0000S,05F0055S,31,260,116
2023/10/15 14:30,05F0000S,05F0055S,32,258,18
2023/10/15 14:30,05F0000S,05F0055S,41,862,2
2023/10/15 14:30,05F0000S,05F0055S,42,0,0
2023/10/15 14:30,05F0000S,05F0055S,5,0,0
2023/10/15 14:30,05F0055S,05F0287S,31,1000,102
2023/10/15 14:30,05F0055S,05F0287S,32,1003,27
2023/10/15 14:30,05F0055S,05F0287S,41,1035,5
2023/10/15 14:30,05F0055S,05F0287S,42,0,0
2023/10/15 14:30,05F0055S,05F0287S,5,0,0
2023/10/15 14:30,05F0287S,05F0309S,31,87,80
2023/10/15 14:30,05F0287S,05F0309S,32,88,23
2023/10/15 14:30,05F0287S,05F0309S,41,90,7
2023/10/15 14:30,05F0287S,05F0309S,42,0,0
2023/10/15 14:30,05F0287S,05F0309S,5,0,0
2023/10/15 14:30,05F0309S,05F0439S,31,479,52
2023/10/15 14:30,05F0309S,05F0439S,32,484,11
2023/10/15 14:30,05F0309S,05F0439S,41,540,2
2023/10/15 14:30,05F0309S,05F0439S,42,0,0
2023/10/15 14:30,05F0309S,05F0439S,5,501,1
2023/10/15 14:30,05F0439S,05F0494S,31,211,29
2023/10/15 14:30,05F0439S,05F0494S,32,219,10
2023/10/15 14:30,05F0439S,05F0494S,41,0,0
2023/10/15 14:30,05F0439S,05F0494S,42,0,0
2023/10/15 14:30,05F0439S,05F0494S,5,0,0
2023/10/15 14:35,05F0000S,05F0055S,31,262,100
2023/10/15 14:35,05F0000S,05F0055S,32,264,26
2023/10/15 14:35,05F0000S,05F0055S,41,269,2
2023/10/15 14:35,05F0000S,05F0055S,42,0,0
2023/10/15 14:35,05F0000S,05F0055S,5,0,0
2023/10/15 14:35,05F0055S,05F0287S,31,1026,122
2023/10/15 14:35,05F0055S,05F0287S,32,1025,18
2023/10/15 14:35,05F0055S,05F0287S,41,1043,2
2023/10/15 14:35,05F0055S,05F0287S,42,0,0
2023/10/15 14:35,05F0055S,05F0287S,5,0,0
2023/10/15 14:35,05F0287S,05F0309S,31,88,86
2023/10/15 14:35,05F0287S,05F0309S,32,87,19
2023/10/15 14:35,05F0287S,05F0309S,41,91,1
2023/10/15 14:35,05F0287S,05F0309S,42,0,0
2023/10/15 14:35,05F0287S,05F0309S,5,0,0
2023/10/15 14:35,05F0309S,05F0439S,31,491,57
2023/10/15 14:35,05F0309S,05F0439S,32,490,11
2023/10/15 14:35,05F0309S,05F0439S,41,529,2
2023/10/15 14:35,05F0309S,05F0439S,42,469,1
2023/10/15 14:35,05F0309S,05F0439S,5,0,0
2023/10/15 14:35,05F0439S,05F0494S,31,213,25
2023/10/15 14:35,05F0439S,05F0494S,32,183,2
2023/10/15 14:35,05F0439S,05F0494S,41,0,0
2023/10/15 14:35,05F0439S,05F0494S,42,0,0
2023/10/15 14:35,05F0439S,05F0494S,5,0,0
2023/10/15 14:40,05F0000S,05F0055S,31,262,114
2023/10/15 14:40,05F0000S,05F0055S,32,260,29
2023/10/15 14:40,05F0000S,05F0055S,41,262,4
2023/10/15 14:40,05F0000S,05F0055S,42,0,0
2023/10/15 14:40,05F0000S,05F0055S,5,0,0
2023/10/15 14:40,05F0055S,05F0287S,31,1062,121
2023/10/15 14:40,05F0055S,05F0287S,32,1062,33
2023/10/15 14:40,05F0055S,05F0287S,41,1116,7
2023/10/15 14:40,05F0055S,05F0287S,42,0,0
2023/10/15 14:40,05F0055S,05F0287S,5,0,0
2023/10/15 14:40,05F0287S,05F0309S,31,85,71
2023/10/15 14:40,05F0287S,05F0309S,32,92,12
2023/10/15 14:40,05F0287S,05F0309S,41,91,4
2023/10/15 14:40,05F0287S,05F0309S,42,0,0
2023/10/15 14:40,05F0287S,05F0309S,5,0,0
2023/10/15 14:40,05F0309S,05F0439S,31,499,51
2023/10/15 14:40,05F0309S,05F0439S,32,487,14
2023/10/15 14:40,05F0309S,05F0439S,41,498,5
2023/10/15 14:40,05F0309S,05F0439S,42,525,1
2023/10/15 14:40,05F0309S,05F0439S,5,0,0
2023/10/15 14:40,05F0439S,05F0494S,31,210,38
2023/10/15 14:40,05F0439S,05F0494S,32,208,10
2023/10/15 14:40,05F0439S,05F0494S,41,0,0
2023/10/15 14:40,05F0439S,05F0494S,42,219,1
2023/10/15 14:40,05F0439S,05F0494S,5,0,0
2023/10/15 14:45,05F0000S,05F0055S,31,259,113
2023/10/15 14:45,05F0000S,05F0055S,32,261,21
2023/10/15 14:45,05F0000S,05F0055S,41,269,9
2023/10/15 14:45,05F0000S,05F0055S,42,0,0
2023/10/15 14:45,05F0000S,05F0055S,5,0,0
2023/10/15 14:45,05F0055S,05F0287S,31,1033,103
2023/10/15 14:45,05F0055S,05F0287S,32,1033,27
2023/10/15 14:45,05F0055S,05F0287S,41,1097,5
2023/10/15 14:45,05F0055S,05F0287S,42,0,0
2023/10/15 14:45,05F0055S,05F0287S,5,0,0
2023/10/15 14:45,05F0287S,05F0309S,31,88,72
2023/10/15 14:45,05F0287S,05F0309S,32,89,24
2023/10/15 14:45,05F0287S,05F0309S,41,92,3
2023/10/15 14:45,05F0287S,05F0309S,42,0,0
2023/10/15 14:45,05F0287S,05F0309S,5,0,0
2023/10/15 14:45,05F0309S,05F0439S,31,483,48
2023/10/15 14:45,05F0309S,05F0439S,32,490,7
2023/10/15 14:45,05F0309S,05F0439S,41,489,1
2023/10/15 14:45,05F0309S,05F0439S,42,489,1
2023/10/15 14:45,05F0309S,05F0439S,5,565,1
2023/10/15 14:45,05F0439S,05F0494S,31,206,35
2023/10/15 14:45,05F0439S,05F0494S,32,209,9
2023/10/15 14:45,05F0439S,05F0494S,41,0,0
2023/10/15 14:45,05F0439S,05F0494S,42,0,0
2023/10/15 14:45,05F0439S,05F0494S,5,0,0
2023/10/15 14:50,05F0000S,05F0055S,31,258,112
2023/10/15 14:50,05F0000S,05F0055S,32,253,29
2023/10/15 14:50,05F0000S,05F0055S,41,255,7
2023/10/15 14:50,05F0000S,05F0055S,42,0,0
2023/10/15 14:50,05F0000S,05F0055S,5,0,0
2023/10/15 14:50,05F0055S,05F0287S,31,1054,118
2023/10/15 14:50,05F0055S,05F0287S,32,1059,29
2023/10/15 14:50,05F0055S,05F0287S,41,1038,1
2023/10/15 14:50,05F0055S,05F0287S,42,0,0
2023/10/15 14:50,05F0055S,05F0287S,5,0,0
2023/10/15 14:50,05F0287S,05F0309S,31,85,80
2023/10/15 14:50,05F0287S,05F0309S,32,84,11
2023/10/15 14:50,05F0287S,05F0309S,41,92,2
2023/10/15 14:50,05F0287S,05F0309S,42,0,0
2023/10/15 14:50,05F0287S,05F0309S,5,0,0
2023/10/15 14:50,05F0309S,05F0439S,31,468,62
2023/10/15 14:50,05F0309S,05F0439S,32,508,14
2023/10/15 14:50,05F0309S,05F0439S,41,532,2
2023/10/15 14:50,05F0309S,05F0439S,42,539,1
2023/10/15 14:50,05F0309S,05F0439S,5,0,0
2023/10/15 14:50,05F0439S,05F0494S,31,213,32
2023/10/15 14:50,05F0439S,05F0494S,32,224,8
2023/10/15 14:50,05F0439S,05F0494S,41,218,1
2023/10/15 14:50,05F0439S,05F0494S,42,209,1
2023/10/15 14:50,05F0439S,05F0494S,5,0,0
2023/10/15 14:55,05F0000S,05F0055S,31,252,119
2023/10/15 14:55,05F0000S,05F0055S,32,259,31
2023/10/15 14:55,05F0000S,05F0055S,41,261,4
2023/10/15 14:55,05F0000S,05F0055S,42,0,0
2023/10/15 14:55,05F0000S,05F0055S,5,0,0
2023/10/15 14:55,05F0055S,05F0287S,31,1057,124
2023/10/15 14:55,05F0055S,05F0287S,32,1057,30
2023/10/15 14:55,05F0055S,05F0287S,41,1089,6
2023/10/15 14:55,05F0055S,05F0287S,42,0,0
2023/10/15 14:55,05F0055S,05F0287S,5,0,0
2023/10/15 14:55,05F0287S,05F0309S,31,84,74
2023/10/15 14:55,05F0287S,05F0309S,32,85,13
2023/10/15 14:55,05F0287S,05F0309S,41,571,2
2023/10/15 14:55,05F0287S,05F0309S,42,0,0
2023/10/15 14:55,05F0287S,05F0309S,5,0,0
2023/10/15 14:55,05F0309S,05F0439S,31,460,48
2023/10/15 14:55,05F0309S,05F0439S,32,460,12
2023/10/15 14:55,05F0309S,05F0439S,41,527,3
2023/10/15 14:55,05F0309S,05F0439S,42,0,0
2023/10/15 14:55,05F0309S,05F0439S,5,0,0
2023/10/15 14:55,05F0439S,05F0494S,31,205,32
2023/10/15 14:55,05F0439S,05F0494S,32,225,8
2023/10/15 14:55,05F0439S,05F0494S,41,0,0
2023/10/15 14:55,05F0439S,05F0494S,42,253,1
2023/10/15 14:55,05F0439S,05F0494S,5,0,0
2023/10/15 15:00,05F0000S,05F0055S,31,255,104
2023/10/15 15:00,05F0000S,05F0055S,32,255,25
2023/10/15 15:00,05F0000S,05F0055S,41,265,5
2023/10/15 15:00,05F0000S,05F0055S,42,0,0
2023/10/15 15:00,05F0000S,05F0055S,5,0,0
2023/10/15 15:00,05F0055S,05F0287S,31,1054,120
2023/10/15 15:00,05F0055S,05F0287S,32,1046,39
2023/10/15 15:00,05F0055S,05F0287S,41,1067,3
2023/10/15 15:00,05F0055S,05F0287S,42,2063,1
2023/10/15 15:00,05F0055S,05F0287S,5,0,0
2023/10/15 15:00,05F0287S,05F0309S,31,89,98
2023/10/15 15:00,05F0287S,05F0309S,32,90,28
2023/10/15 15:00,05F0287S,05F0309S,41,90,3
2023/10/15 15:00,05F0287S,05F0309S,42,89,1
2023/10/15 15:00,05F0287S,05F0309S,5,0,0
2023/10/15 15:00,05F0309S,05F0439S,31,469,57
2023/10/15 15:00,05F0309S,05F0439S,32,488,13
2023/10/15 15:00,05F0309S,05F0439S,41,1504,2
2023/10/15 15:00,05F0309S,05F0439S,42,0,0
2023/10/15 15:00,05F0309S,05F0439S,5,0,0
2023/10/15 15:00,05F0439S,05F0494S,31,199,36
2023/10/15 15:00,05F0439S,05F0494S,32,214,10
2023/10/15 15:00,05F0439S,05F0494S,41,221,1
2023/10/15 15:00,05F0439S,05F0494S,42,518,1
2023/10/15 15:00,05F0439S,05F0494S,5,0,0
2023/10/15 15:05,05F0000S,05F0055S,31,260,118
2023/10/15 15:05,05F0000S,05F0055S,32,265,29
2023/10/15 15:05,05F0000S,05F0055S,41,274,5
2023/10/15 15:05,05F0000S,05F0055S,42,0,0
2023/10/15 15:05,05F0000S,05F0055S,5,0,0
2023/10/15 15:05,05F0055S,05F0287S,31,1013,117
2023/10/15 15:05,05F0055S,05F0287S,32,1006,26
2023/10/15 15:05,05F0055S,05F0287S,41,1054,8
2023/10/15 15:05,05F0055S,05F0287S,42,0,0
2023/10/15 15:05,05F0055S,05F0287S,5,0,0
2023/10/15 15:05,05F0287S,05F0309S,31,87,81
2023/10/15 15:05,05F0287S,05F0309S,32,86,25
2023/10/15 15:05,05F0287S,05F0309S,41,92,8
2023/10/15 15:05,05F0287S,05F0309S,42,0,0
2023/10/15 15:05,05F0287S,05F0309S,5,0,0
2023/10/15 15:05,05F0309S,05F0439S,31,470,58
2023/10/15 15:05,05F0309S,05F0439S,32,478,12
2023/10/15 15:05,05F0309S,05F0439S,41,520,2
2023/10/15 15:05,05F0309S,05F0439S,42,0,0
2023/10/15 15:05,05F0309S,05F0439S,5,490,1
2023/10/15 15:05,05F0439S,05F0494S,31,207,34
2023/10/15 15:05,05F0439S,05F0494S,32,207,12
2023/10/15 15:05,05F0439S,05F0494S,41,233,1
2023/10/15 15:05,05F0439S,05F0494S,42,0,0
2023/10/15 15:05,05F0439S,05F0494S,5,0,0
2023/10/15 15:10,05F0000S,05F0055S,31,256,111
2023/10/15 15:10,05F0000S,05F0055S,32,255,22
2023/10/15 15:10,05F0000S,05F0055S,41,260,5
2023/10/15 15:10,05F0000S,05F0055S,42,0,0
2023/10/15 15:10,05F0000S,05F0055S,5,0,0
2023/10/15 15:10,05F0055S,05F0287S,31,1013,129
2023/10/15 15:10,05F0055S,05F0287S,32,1020,35
2023/10/15 15:10,05F0055S,05F0287S,41,1045,6
2023/10/15 15:10,05F0055S,05F0287S,42,0,0
2023/10/15 15:10,05F0055S,05F0287S,5,0,0
2023/10/15 15:10,05F0287S,05F0309S,31,88,67
2023/10/15 15:10,05F0287S,05F0309S,32,87,19
2023/10/15 15:10,05F0287S,05F0309S,41,89,2
2023/10/15 15:10,05F0287S,05F0309S,42,0,0
2023/10/15 15:10,05F0287S,05F0309S,5,0,0
2023/10/15 15:10,05F0309S,05F0439S,31,478,62
2023/10/15 15:10,05F0309S,05F0439S,32,493,16
2023/10/15 15:10,05F0309S,05F0439S,41,519,2
2023/10/15 15:10,05F0309S,05F0439S,42,536,1
2023/10/15 15:10,05F0309S,05F0439S,5,0,0
2023/10/15 15:10,05F0439S,05F0494S,31,210,51
2023/10/15 15:10,05F0439S,05F0494S,32,194,3
2023/10/15 15:10,05F0439S,05F0494S,41,0,0
2023/10/15 15:10,05F0439S,05F0494S,42,0,0
2023/10/15 15:10,05F0439S,05F0494S,5,209,1
2023/10/15 15:15,05F0000S,05F0055S,31,256,104
2023/10/15 15:15,05F0000S,05F0055S,32,258,23
2023/10/15 15:15,05F0000S,05F0055S,41,255,5
2023/10/15 15:15,05F0000S,05F0055S,42,0,0
2023/10/15 15:15,05F0000S,05F0055S,5,0,0
2023/10/15 15:15,05F0055S,05F0287S,31,1018,108
2023/10/15 15:15,05F0055S,05F0287S,32,1014,29
2023/10/15 15:15,05F0055S,05F0287S,41,1035,4
2023/10/15 15:15,05F0055S,05F0287S,42,0,0
2023/10/15 15:15,05F0055S,05F0287S,5,0,0
2023/10/15 15:15,05F0287S,05F0309S,31,86,78
2023/10/15 15:15,05F0287S,05F0309S,32,85,25
2023/10/15 15:15,05F0287S,05F0309S,41,94,5
2023/10/15 15:15,05F0287S,05F0309S,42,0,0
2023/10/15 15:15,05F0287S,05F0309S,5,0,0
2023/10/15 15:15,05F0309S,05F0439S,31,474,43
2023/10/15 15:15,05F0309S,05F0439S,32,460,16
2023/10/15 15:15,05F0309S,05F0439S,41,524,3
2023/10/15 15:15,05F0309S,05F0439S,42,0,0
2023/10/15 15:15,05F0309S,05F0439S,5,0,0
2023/10/15 15:15,05F0439S,05F0494S,31,215,27
2023/10/15 15:15,05F0439S,05F0494S,32,215,12
2023/10/15 15:15,05F0439S,05F0494S,41,202,1
2023/10/15 15:15,05F0439S,05F0494S,42,0,0
2023/10/15 15:15,05F0439S,05F0494S,5,0,0
2023/10/15 15:20,05F0000S,05F0055S,31,257,96
2023/10/15 15:20,05F0000S,05F0055S,32,252,32
2023/10/15 15:20,05F0000S,05F0055S,41,277,5
2023/10/15 15:20,05F0000S,05F0055S,42,0,0
2023/10/15 15:20,05F0000S,05F0055S,5,0,0
2023/10/15 15:20,05F0055S,05F0287S,31,991,107
2023/10/15 15:20,05F0055S,05F0287S,32,1005,30
2023/10/15 15:20,05F0055S,05F0287S,41,1033,6
2023/10/15 15:20,05F0055S,05F0287S,42,0,0
2023/10/15 15:20,05F0055S,05F0287S,5,0,0
2023/10/15 15:20,05F0287S,05F0309S,31,86,97
2023/10/15 15:20,05F0287S,05F0309S,32,84,18
2023/10/15 15:20,05F0287S,05F0309S,41,551,4
2023/10/15 15:20,05F0287S,05F0309S,42,88,1
2023/10/15 15:20,05F0287S,05F0309S,5,0,0
2023/10/15 15:20,05F0309S,05F0439S,31,479,60
2023/10/15 15:20,05F0309S,05F0439S,32,478,20
2023/10/15 15:20,05F0309S,05F0439S,41,523,1
2023/10/15 15:20,05F0309S,05F0439S,42,0,0
2023/10/15 15:20,05F0309S,05F0439S,5,0,0
2023/10/15 15:20,05F0439S,05F0494S,31,210,22
2023/10/15 15:20,05F0439S,05F0494S,32,213,9
2023/10/15 15:20,05F0439S,05F0494S,41,0,0
2023/10/15 15:20,05F0439S,05F0494S,42,0,0
2023/10/15 15:20,05F0439S,05F0494S,5,0,0
2023/10/15 15:25,05F0000S,05F0055S,31,258,108
2023/10/15 15:25,05F0000S,05F0055S,32,260,31
2023/10/15 15:25,05F0000S,05F0055S,41,257,6
2023/10/15 15:25,05F0000S,05F0055S,42,0,0
2023/10/15 15:25,05F0000S,05F0055S,5,0,0
2023/10/15 15:25,05F0055S,05F0287S,31,1040,126
2023/10/15 15:25,05F0055S,05F0287S,32,1039,33
2023/10/15 15:25,05F0055S,05F0287S,41,1090,4
2023/10/15 15:25,05F0055S,05F0287S,42,0,0
2023/10/15 15:25,05F0055S,05F0287S,5,0,0
2023/10/15 15:25,05F0287S,05F0309S,31,88,79
2023/10/15 15:25,05F0287S,05F0309S,32,91,24
2023/10/15 15:25,05F0287S,05F0309S,41,92,4
2023/10/15 15:25,05F0287S,05F0309S,42,0,0
2023/10/15 15:25,05F0287S,05F0309S,5,0,0
2023/10/15 15:25,05F0309S,05F0439S,31,478,64
2023/10/15 15:25,05F0309S,05F0439S,32,467,11
2023/10/15 15:25,05F0309S,05F0439S,41,542,2
2023/10/15 15:25,05F0309S,05F0439S,42,0,0
2023/10/15 15:25,05F0309S,05F0439S,5,559,1
2023/10/15 15:25,05F0439S,05F0494S,31,204,36
2023/10/15 15:25,05F0439S,05F0494S,32,208,11
2023/10/15 15:25,05F0439S,05F0494S,41,0,0
2023/10/15 15:25,05F0439S,05F0494S,42,0,0
2023/10/15 15:25,05F0439S,05F0494S,5,235,1
2023/10/15 15:30,05F0000S,05F0055S,31,247,97
2023/10/15 15:30,05F0000S,05F0055S,32,255,21
2023/10/15 15:30,05F0000S,05F0055S,41,256,7
2023/10/15 15:30,05F0000S,05F0055S,42,0,0
2023/10/15 15:30,05F0000S,05F0055S,5,0,0
2023/10/15 15:30,05F0055S,05F0287S,31,1002,117
2023/10/15 15:30,05F0055S,05F0287S,32,1004,24
2023/10/15 15:30,05F0055S,05F0287S,41,1048,3
2023/10/15 15:30,05F0055S,05F0287S,42,0,0
2023/10/15 15:30,05F0055S,05F0287S,5,0,0
2023/10/15 15:30,05F0287S,05F0309S,31,86,75
2023/10/15 15:30,05F0287S,05F0309S,32,88,26
2023/10/15 15:30,05F0287S,05F0309S,41,92,4
2023/10/15 15:30,05F0287S,05F0309S,42,0,0
2023/10/15 15:30,05F0287S,05F0309S,5,0,0
2023/10/15 15:30,05F0309S,05F0439S,31,477,52
2023/10/15 15:30,05F0309S,05F0439S,32,478,13
2023/10/15 15:30,05F0309S,05F0439S,41,534,4
2023/10/15 15:30,05F0309S,05F0439S,42,531,2
2023/10/15 15:30,05F0309S,05F0439S,5,548,1
2023/10/15 15:30,05F0439S,05F0494S,31,196,27
2023/10/15 15:30,05F0439S,05F0494S,32,189,6
2023/10/15 15:30,05F0439S,05F0494S,41,0,0
2023/10/15 15:30,05F0439S,05F0494S,42,0,0
2023/10/15 15:30,05F0439S,05F0494S,5,227,1
2023/10/15 15:35,05F0000S,05F0055S,31,255,94
2023/10/15 15:35,05F0000S,05F0055S,32,266,29
2023/10/15 15:35,05F0000S,05F0055S,41,278,7
2023/10/15 15:35,05F0000S,05F0055S,42,0,0
2023/10/15 15:35,05F0000S,05F0055S,5,0,0
2023/10/15 15:35,05F0055S,05F0287S,31,998,85
2023/10/15 15:35,05F0055S,05F0287S,32,992,21
2023/10/15 15:35,05F0055S,05F0287S,41,1014,7
2023/10/15 15:35,05F0055S,05F0287S,42,0,0
2023/10/15 15:35,05F0055S,05F0287S,5,0,0
2023/10/15 15:35,05F0287S,05F0309S,31,85,82
2023/10/15 15:35,05F0287S,05F0309S,32,88,15
2023/10/15 15:35,05F0287S,05F0309S,41,92,6
2023/10/15 15:35,05F0287S,05F0309S,42,0,0
2023/10/15 15:35,05F0287S,05F0309S,5,0,0
2023/10/15 15:35,05F0309S,05F0439S,31,481,53
2023/10/15 15:35,05F0309S,05F0439S,32,478,18
2023/10/15 15:35,05F0309S,05F0439S,41,0,0
2023/10/15 15:35,05F0309S,05F0439S,42,0,0
2023/10/15 15:35,05F0309S,05F0439S,5,501,1
2023/10/15 15:35,05F0439S,05F0494S,31,201,21
2023/10/15 15:35,05F0439S,05F0494S,32,204,7
2023/10/15 15:35,05F0439S,05F0494S,41,0,0
2023/10/15 15:35,05F0439S,05F0494S,42,216,1
2023/10/15 15:35,05F0439S,05F0494S,5,0,0
2023/10/15 15:40,05F0000S,05F0055S,31,259,127
2023/10/15 15:40,05F0000S,05F0055S,32,258,34
2023/10/15 15:40,05F0000S,05F0055S,41,289,3
2023/10/15 15:40,05F0000S,05F0055S,42,0,0
2023/10/15 15:40,05F0000S,05F0055S,5,0,0
2023/10/15 15:40,05F0055S,05F0287S,31,1028,120
2023/10/15 15:40,05F0055S,05F0287S,32,1030,50
2023/10/15 15:40,05F0055S,05F0287S,41,1043,6
2023/10/15 15:40,05F0055S,05F0287S,42,0,0
2023/10/15 15:40,05F0055S,05F0287S,5,0,0
2023/10/15 15:40,05F0287S,05F0309S,31,87,73
2023/10/15 15:40,05F0287S,05F0309S,32,86,22
2023/10/15 15:40,05F0287S,05F0309S,41,94,3
2023/10/15 15:40,05F0287S,05F0309S,42,0,0
2023/10/15 15:40,05F0287S,05F0309S,5,0,0
2023/10/15 15:40,05F0309S,05F0439S,31,471,61
2023/10/15 15:40,05F0309S,05F0439S,32,472,18
2023/10/15 15:40,05F0309S,05F0439S,41,803,2
2023/10/15 15:40,05F0309S,05F0439S,42,0,0
2023/10/15 15:40,05F0309S,05F0439S,5,0,0
2023/10/15 15:40,05F0439S,05F0494S,31,188,28
2023/10/15 15:40,05F0439S,05F0494S,32,206,15
2023/10/15 15:40,05F0439S,05F0494S,41,0,0
2023/10/15 15:40,05F0439S,05F0494S,42,892,1
2023/10/15 15:40,05F0439S,05F0494S,5,209,1
2023/10/15 15:45,05F0000S,05F0055S,31,252,115
2023/10/15 15:45,05F0000S,05F0055S,32,256,28
2023/10/15 15:45,05F0000S,05F0055S,41,262,8
2023/10/15 15:45,05F0000S,05F0055S,42,0,0
2023/10/15 15:45,05F0000S,05F0055S,5,0,0
2023/10/15 15:45,05F0055S,05F0287S,31,1012,118
2023/10/15 15:45,05F0055S,05F0287S,32,1015,24
2023/10/15 15:45,05F0055S,05F0287S,41,1055,4
2023/10/15 15:45,05F0055S,05F0287S,42,0,0
2023/10/15 15:45,05F0055S,05F0287S,5,0,0
2023/10/15 15:45,05F0287S,05F0309S,31,85,81
2023/10/15 15:45,05F0287S,05F0309S,32,86,24
2023/10/15 15:45,05F0287S,05F0309S,41,89,3
2023/10/15 15:45,05F0287S,05F0309S,42,0,0
2023/10/15 15:45,05F0287S,05F0309S,5,0,0
2023/10/15 15:45,05F0309S,05F0439S,31,463,38
2023/10/15 15:45,05F0309S,05F0439S,32,483,7
2023/10/15 15:45,05F0309S,05F0439S,41,501,6
2023/10/15 15:45,05F0309S,05F0439S,42,0,0
2023/10/15 15:45,05F0309S,05F0439S,5,586,1
2023/10/15 15:45,05F0439S,05F0494S,31,194,34
2023/10/15 15:45,05F0439S,05F0494S,32,197,7
2023/10/15 15:45,05F0439S,05F0494S,41,201,1
2023/10/15 15:45,05F0439S,05F0494S,42,0,0
2023/10/15 15:45,05F0439S,05F0494S,5,248,1
2023/10/15 15:50,05F0000S,05F0055S,31,259,107
2023/10/15 15:50,05F0000S,05F0055S,32,259,36
2023/10/15 15:50,05F0000S,05F0055S,41,271,8
2023/10/15 15:50,05F0000S,05F0055S,42,0,0
2023/10/15 15:50,05F0000S,05F0055S,5,0,0
2023/10/15 15:50,05F0055S,05F0287S,31,995,92
2023/10/15 15:50,05F0055S,05F0287S,32,1005,22
2023/10/15 15:50,05F0055S,05F0287S,41,1066,6
2023/10/15 15:50,05F0055S,05F0287S,42,0,0
2023/10/15 15:50,05F0055S,05F0287S,5,0,0
2023/10/15 15:50,05F0287S,05F0309S,31,85,68
2023/10/15 15:50,05F0287S,05F0309S,32,87,18
2023/10/15 15:50,05F0287S,05F0309S,41,94,5
2023/10/15 15:50,05F0287S,05F0309S,42,0,0
2023/10/15 15:50,05F0287S,05F0309S,5,0,0
2023/10/15 15:50,05F0309S,05F0439S,31,467,56
2023/10/15 15:50,05F0309S,05F0439S,32,487,25
2023/10/15 15:50,05F0309S,05F0439S,41,502,4
2023/10/15 15:50,05F0309S,05F0439S,42,0,0
2023/10/15 15:50,05F0309S,05F0439S,5,0,0
2023/10/15 15:50,05F0439S,05F0494S,31,202,29
2023/10/15 15:50,05F0439S,05F0494S,32,190,7
2023/10/15 15:50,05F0439S,05F0494S,41,195,1
2023/10/15 15:50,05F0439S,05F0494S,42,0,0
2023/10/15 15:50,05F0439S,05F0494S,5,0,0
2023/10/15 15:55,05F0000S,05F0055S,31,250,111
2023/10/15 15:55,05F0000S,05F0055S,32,251,25
2023/10/15 15:55,05F0000S,05F0055S,41,262,5
2023/10/15 15:55,05F0000S,05F0055S,42,0,0
2023/10/15 15:55,05F0000S,05F0055S,5,0,0
2023/10/15 15:55,05F0055S,05F0287S,31,1051,108
2023/10/15 15:55,05F0055S,05F0287S,32,1056,29
2023/10/15 15:55,05F0055S,05F0287S,41,1053,6
2023/10/15 15:55,05F0055S,05F0287S,42,0,0
2023/10/15 15:55,05F0055S,05F0287S,5,0,0
2023/10/15 15:55,05F0287S,05F0309S,31,87,68
2023/10/15 15:55,05F0287S,05F0309S,32,90,18
2023/10/15 15:55,05F0287S,05F0309S,41,94,9
2023/10/15 15:55,05F0287S,05F0309S,42,0,0
2023/10/15 15:55,05F0287S,05F0309S,5,0,0
2023/10/15 15:55,05F0309S,05F0439S,31,468,44
2023/10/15 15:55,05F0309S,05F0439S,32,488,11
2023/10/15 15:55,05F0309S,05F0439S,41,514,4
2023/10/15 15:55,05F0309S,05F0439S,42,0,0
2023/10/15 15:55,05F0309S,05F0439S,5,0,0
2023/10/15 15:55,05F0439S,05F0494S,31,184,18
2023/10/15 15:55,05F0439S,05F0494S,32,205,10
2023/10/15 15:55,05F0439S,05F0494S,41,217,2
2023/10/15 15:55,05F0439S,05F0494S,42,0,0
2023/10/15 15:55,05F0439S,05F0494S,5,0,0
2023/10/15 16:00,05F0000S,05F0055S,31,251,108
2023/10/15 16:00,05F0000S,05F0055S,32,250,33
2023/10/15 16:00,05F0000S,05F0055S,41,262,7
2023/10/15 16:00,05F0000S,05F0055S,42,0,0
2023/10/15 16:00,05F0000S,05F0055S,5,0,0
2023/10/15 16:00,05F0055S,05F0287S,31,1027,131
2023/10/15 16:00,05F0055S,05F0287S,32,1035,37
2023/10/15 16:00,05F0055S,05F0287S,41,1040,6
2023/10/15 16:00,05F0055S,05F0287S,42,0,0
2023/10/15 16:00,05F0055S,05F0287S,5,0,0
2023/10/15 16:00,05F0287S,05F0309S,31,89,109
2023/10/15 16:00,05F0287S,05F0309S,32,89,28
2023/10/15 16:00,05F0287S,05F0309S,41,89,4
2023/10/15 16:00,05F0287S,05F0309S,42,0,0
2023/10/15 16:00,05F0287S,05F0309S,5,0,0
2023/10/15 16:00,05F0309S,05F0439S,31,472,39
2023/10/15 16:00,05F0309S,05F0439S,32,486,13
2023/10/15 16:00,05F0309S,05F0439S,41,514,4
2023/10/15 16:00,05F0309S,05F0439S,42,0,0
2023/10/15 16:00,05F0309S,05F0439S,5,0,0
2023/10/15 16:00,05F0439S,05F0494S,31,197,23
2023/10/15 16:00,05F0439S,05F0494S,32,210,10
2023/10/15 16:00,05F0439S,05F0494S,41,213,1
2023/10/15 16:00,05F0439S,05F0494S,42,0,0
2023/10/15 16:00,05F0439S,05F0494S,5,0,0
2023/10/15 16:05,05F0000S,05F0055S,31,255,108
2023/10/15 16:05,05F0000S,05F0055S,32,259,31
2023/10/15 16:05,05F0000S,05F0055S,41,270,3
2023/10/15 16:05,05F0000S,05F0055S,42,0,0
2023/10/15 16:05,05F0000S,05F0055S,5,0,0
2023/10/15 16:05,05F0055S,05F0287S,31,1030,126
2023/10/15 16:05,05F0055S,05F0287S,32,1027,34
2023/10/15 16:05,05F0055S,05F0287S,41,1053,9
2023/10/15 16:05,05F0055S,05F0287S,42,0,0
2023/10/15 16:05,05F0055S,05F0287S,5,0,0
2023/10/15 16:05,05F0287S,05F0309S,31,88,86
2023/10/15 16:05,05F0287S,05F0309S,32,89,27
2023/10/15 16:05,05F0287S,05F0309S,41,91,4
2023/10/15 16:05,05F0287S,05F0309S,42,0,0
2023/10/15 16:05,05F0287S,05F0309S,5,0,0
2023/10/15 16:05,05F0309S,05F0439S,31,457,62
2023/10/15 16:05,05F0309S,05F0439S,32,489,12
2023/10/15 16:05,05F0309S,05F0439S,41,541,6
2023/10/15 16:05,05F0309S,05F0439S,42,0,0
2023/10/15 16:05,05F0309S,05F0439S,5,526,1
2023/10/15 16:05,05F0439S,05F0494S,31,200,33
2023/10/15 16:05,05F0439S,05F0494S,32,195,10
2023/10/15 16:05,05F0439S,05F0494S,41,197,1
2023/10/15 16:05,05F0439S,05F0494S,42,0,0
2023/10/15 16:05,05F0439S,05F0494S,5,0,0
2023/10/15 16:10,05F0000S,05F0055S,31,253,99
2023/10/15 16:10,05F0000S,05F0055S,32,254,21
2023/10/15 16:10,05F0000S,05F0055S,41,254,4
2023/10/15 16:10,05F0000S,05F0055S,42,0,0
2023/10/15 16:10,05F0000S,05F0055S,5,0,0
2023/10/15 16:10,05F0055S,05F0287S,31,1019,129
2023/10/15 16:10,05F0055S,05F0287S,32,1022,29
2023/10/15 16:10,05F0055S,05F0287S,41,1063,4
2023/10/15 16:10,05F0055S,05F0287S,42,0,0
2023/10/15 16:10,05F0055S,05F0287S,5,0,0
2023/10/15 16:10,05F0287S,05F0309S,31,86,84
2023/10/15 16:10,05F0287S,05F0309S,32,89,22
2023/10/15 16:10,05F0287S,05F0309S,41,91,4
2023/10/15 16:10,05F0287S,05F0309S,42,0,0
2023/10/15 16:10,05F0287S,05F0309S,5,0,0
2023/10/15 16:10,05F0309S,05F0439S,31,469,46
2023/10/15 16:10,05F0309S,05F0439S,32,478,17
2023/10/15 16:10,05F0309S,05F0439S,41,501,3
2023/10/15 16:10,05F0309S,05F0439S,42,0,0
2023/10/15 16:10,05F0309S,05F0439S,5,0,0
2023/10/15 16:10,05F0439S,05F0494S,31,194,19
2023/10/15 16:10,05F0439S,05F0494S,32,192,6
2023/10/15 16:10,05F0439S,05F0494S,41,231,1
2023/10/15 16:10,05F0439S,05F0494S,42,0,0
2023/10/15 16:10,05F0439S,05F0494S,5,223,1
2023/10/15 16:15,05F0000S,05F0055S,31,254,105
2023/10/15 16:15,05F0000S,05F0055S,32,249,18
2023/10/15 16:15,05F0000S,05F0055S,41,253,6
2023/10/15 16:15,05F0000S,05F0055S,42,0,0
2023/10/15 16:15,05F0000S,05F0055S,5,0,0
2023/10/15 16:15,05F0055S,05F0287S,31,999,114
2023/10/15 16:15,05F0055S,05F0287S,32,988,29
2023/10/15 16:15,05F0055S,05F0287S,41,1039,6
2023/10/15 16:15,05F0055S,05F0287S,42,0,0
2023/10/15 16:15,05F0055S,05F0287S,5,0,0
2023/10/15 16:15,05F0287S,05F0309S,31,85,83
2023/10/15 16:15,05F0287S,05F0309S,32,87,23
2023/10/15 16:15,05F0287S,05F0309S,41,92,4
2023/10/15 16:15,05F0287S,05F0309S,42,0,0
2023/10/15 16:15,05F0287S,05F0309S,5,0,0
2023/10/15 16:15,05F0309S,05F0439S,31,456,67
2023/10/15 16:15,05F0309S,05F0439S,32,481,18
2023/10/15 16:15,05F0309S,05F0439S,41,514,3
2023/10/15 16:15,05F0309S,05F0439S,42,0,0
2023/10/15 16:15,05F0309S,05F0439S,5,496,1
2023/10/15 16:15,05F0439S,05F0494S,31,197,30
2023/10/15 16:15,05F0439S,05F0494S,32,198,10
2023/10/15 16:15,05F0439S,05F0494S,41,209,1
2023/10/15 16:15,05F0439S,05F0494S,42,0,0
2023/10/15 16:15,05F0439S,05F0494S,5,0,0
2023/10/15 16:20,05F0000S,05F0055S,31,244,91
2023/10/15 16:20,05F0000S,05F0055S,32,245,24
2023/10/15 16:20,05F0000S,05F0055S,41,246,6
2023/10/15 16:20,05F0000S,05F0055S,42,0,0
2023/10/15 16:20,05F0000S,05F0055S,5,0,0
2023/10/15 16:20,05F0055S,05F0287S,31,998,105
2023/10/15 16:20,05F0055S,05F0287S,32,1011,26
2023/10/15 16:20,05F0055S,05F0287S,41,1030,4
2023/10/15 16:20,05F0055S,05F0287S,42,0,0
2023/10/15 16:20,05F0055S,05F0287S,5,0,0
2023/10/15 16:20,05F0287S,05F0309S,31,83,98
2023/10/15 16:20,05F0287S,05F0309S,32,88,24
2023/10/15 16:20,05F0287S,05F0309S,41,91,2
2023/10/15 16:20,05F0287S,05F0309S,42,0,0
2023/10/15 16:20,05F0287S,05F0309S,5,0,0
2023/10/15 16:20,05F0309S,05F0439S,31,458,57
2023/10/15 16:20,05F0309S,05F0439S,32,472,15
2023/10/15 16:20,05F0309S,05F0439S,41,532,1
2023/10/15 16:20,05F0309S,05F0439S,42,549,1
2023/10/15 16:20,05F0309S,05F0439S,5,533,1
2023/10/15 16:20,05F0439S,05F0494S,31,203,22
2023/10/15 16:20,05F0439S,05F0494S,32,201,5
2023/10/15 16:20,05F0439S,05F0494S,41,0,0
2023/10/15 16:20,05F0439S,05F0494S,42,0,0
2023/10/15 16:20,05F0439S,05F0494S,5,221,2
2023/10/15 16:25,05F0000S,05F0055S,31,255,99
2023/10/15 16:25,05F0000S,05F0055S,32,255,20
2023/10/15 16:25,05F0000S,05F0055S,41,257,10
2023/10/15 16:25,05F0000S,05F0055S,42,0,0
2023/10/15 16:25,05F0000S,05F0055S,5,0,0
2023/10/15 16:25,05F0055S,05F0287S,31,1022,119
2023/10/15 16:25,05F0055S,05F0287S,32,1031,27
2023/10/15 16:25,05F0055S,05F0287S,41,1065,6
2023/10/15 16:25,05F0055S,05F0287S,42,0,0
2023/10/15 16:25,05F0055S,05F0287S,5,0,0
2023/10/15 16:25,05F0287S,05F0309S,31,87,76
2023/10/15 16:25,05F0287S,05F0309S,32,90,21
2023/10/15 16:25,05F0287S,05F0309S,41,96,5
2023/10/15 16:25,05F0287S,05F0309S,42,0,0
2023/10/15 16:25,05F0287S,05F0309S,5,0,0
2023/10/15 16:25,05F0309S,05F0439S,31,467,44
2023/10/15 16:25,05F0309S,05F0439S,32,463,11
2023/10/15 16:25,05F0309S,05F0439S,41,533,1
2023/10/15 16:25,05F0309S,05F0439S,42,0,0
2023/10/15 16:25,05F0309S,05F0439S,5,0,0
2023/10/15 16:25,05F0439S,05F0494S,31,201,30
2023/10/15 16:25,05F0439S,05F0494S,32,194,10
2023/10/15 16:25,05F0439S,05F0494S,41,0,0
2023/10/15 16:25,05F0439S,05F0494S,42,0,0
2023/10/15 16:25,05F0439S,05F0494S,5,0,0
2023/10/15 16:30,05F0000S,05F0055S,31,245,107
2023/10/15 16:30,05F0000S,05F0055S,32,249,23
2023/10/15 16:30,05F0000S,05F0055S,41,242,5
2023/10/15 16:30,05F0000S,05F0055S,42,0,0
2023/10/15 16:30,05F0000S,05F0055S,5,0,0
2023/10/15 16:30,05F0055S,05F0287S,31,1015,113
2023/10/15 16:30,05F0055S,05F0287S,32,1017,22
2023/10/15 16:30,05F0055S,05F0287S,41,1021,1
2023/10/15 16:30,05F0055S,05F0287S,42,0,0
2023/10/15 16:30,05F0055S,05F0287S,5,0,0
2023/10/15 16:30,05F0287S,05F0309S,31,87,87
2023/10/15 16:30,05F0287S,05F0309S,32,89,15
2023/10/15 16:30,05F0287S,05F0309S,41,0,0
2023/10/15 16:30,05F0287S,05F0309S,42,0,0
2023/10/15 16:30,05F0287S,05F0309S,5,0,0
2023/10/15 16:30,05F0309S,05F0439S,31,470,49
2023/10/15 16:30,05F0309S,05F0439S,32,485,14
2023/10/15 16:30,05F0309S,05F0439S,41,523,1
2023/10/15 16:30,05F0309S,05F0439S,42,0,0
2023/10/15 16:30,05F0309S,05F0439S,5,0,0
2023/10/15 16:30,05F0439S,05F0494S,31,205,24
2023/10/15 16:30,05F0439S,05F0494S,32,209,12
2023/10/15 16:30,05F0439S,05F0494S,41,0,0
2023/10/15 16:30,05F0439S,05F0494S,42,0,0
2023/10/15 16:30,05F0439S,05F0494S,5,0,0
2023/10/15 16:35,05F0000S,05F0055S,31,254,106
2023/10/15 16:35,05F0000S,05F0055S,32,257,26
2023/10/15 16:35,05F0000S,05F0055S,41,270,5
2023/10/15 16:35,05F0000S,05F0055S,42,0,0
2023/10/15 16:35,05F0000S,05F0055S,5,0,0
2023/10/15 16:35,05F0055S,05F0287S,31,993,86
2023/10/15 16:35,05F0055S,05F0287S,32,994,24
2023/10/15 16:35,05F0055S,05F0287S,41,1040,10
2023/10/15 16:35,05F0055S,05F0287S,42,0,0
2023/10/15 16:35,05F0055S,05F0287S,5,0,0
2023/10/15 16:35,05F0287S,05F0309S,31,85,64
2023/10/15 16:35,05F0287S,05F0309S,32,86,19
2023/10/15 16:35,05F0287S,05F0309S,41,93,6
2023/10/15 16:35,05F0287S,05F0309S,42,0,0
2023/10/15 16:35,05F0287S,05F0309S,5,0,0
2023/10/15 16:35,05F0309S,05F0439S,31,491,49
2023/10/15 16:35,05F0309S,05F0439S,32,498,19
2023/10/15 16:35,05F0309S,05F0439S,41,531,3
2023/10/15 16:35,05F0309S,05F0439S,42,0,0
2023/10/15 16:35,05F0309S,05F0439S,5,511,1
2023/10/15 16:35,05F0439S,05F0494S,31,201,31
2023/10/15 16:35,05F0439S,05F0494S,32,204,15
2023/10/15 16:35,05F0439S,05F0494S,41,0,0
2023/10/15 16:35,05F0439S,05F0494S,42,0,0
2023/10/15 16:35,05F0439S,05F0494S,5,0,0
2023/10/15 16:40,05F0000S,05F0055S,31,243,94
2023/10/15 16:40,05F0000S,05F0055S,32,248,26
2023/10/15 16:40,05F0000S,05F0055S,41,268,5
2023/10/15 16:40,05F0000S,05F0055S,42,0,0
2023/10/15 16:40,05F0000S,05F0055S,5,0,0
2023/10/15 16:40,05F0055S,05F0287S,31,1003,105
2023/10/15 16:40,05F0055S,05F0287S,32,1000,22
2023/10/15 16:40,05F0055S,05F0287S,41,0,0
2023/10/15 16:40,05F0055S,05F0287S,42,0,0
2023/10/15 16:40,05F0055S,05F0287S,5,0,0
2023/10/15 16:40,05F0287S,05F0309S,31,87,71
2023/10/15 16:40,05F0287S,05F0309S,32,86,22
2023/10/15 16:40,05F0287S,05F0309S,41,90,3
2023/10/15 16:40,05F0287S,05F0309S,42,0,0
2023/10/15 16:40,05F0287S,05F0309S,5,0,0
2023/10/15 16:40,05F0309S,05F0439S,31,476,60
2023/10/15 16:40,05F0309S,05F0439S,32,468,14
2023/10/15 16:40,05F0309S,05F0439S,41,0,0
2023/10/15 16:40,05F0309S,05F0439S,42,0,0
2023/10/15 16:40,05F0309S,05F0439S,5,0,0
2023/10/15 16:40,05F0439S,05F0494S,31,198,36
2023/10/15 16:40,05F0439S,05F0494S,32,212,11
2023/10/15 16:40,05F0439S,05F0494S,41,0,0
2023/10/15 16:40,05F0439S,05F0494S,42,0,0
2023/10/15 16:40,05F0439S,05F0494S,5,0,0
2023/10/15 16:45,05F0000S,05F0055S,31,244,84
2023/10/15 16:45,05F0000S,05F0055S,32,241,31
2023/10/15 16:45,05F0000S,05F0055S,41,249,4
2023/10/15 16:45,05F0000S,05F0055S,42,0,0
2023/10/15 16:45,05F0000S,05F0055S,5,0,0
2023/10/15 16:45,05F0055S,05F0287S,31,993,123
2023/10/15 16:45,05F0055S,05F0287S,32,995,25
2023/10/15 16:45,05F0055S,05F0287S,41,1044,12
2023/10/15 16:45,05F0055S,05F0287S,42,0,0
2023/10/15 16:45,05F0055S,05F0287S,5,0,0
2023/10/15 16:45,05F0287S,05F0309S,31,85,97
2023/10/15 16:45,05F0287S,05F0309S,32,86,13
2023/10/15 16:45,05F0287S,05F0309S,41,93,8
2023/10/15 16:45,05F0287S,05F0309S,42,0,0
2023/10/15 16:45,05F0287S,05F0309S,5,0,0
2023/10/15 16:45,05F0309S,05F0439S,31,465,36
2023/10/15 16:45,05F0309S,05F0439S,32,462,10
2023/10/15 16:45,05F0309S,05F0439S,41,533,6
2023/10/15 16:45,05F0309S,05F0439S,42,0,0
2023/10/15 16:45,05F0309S,05F0439S,5,539,1
2023/10/15 16:45,05F0439S,05F0494S,31,204,26
2023/10/15 16:45,05F0439S,05F0494S,32,205,11
2023/10/15 16:45,05F0439S,05F0494S,41,0,0
2023/10/15 16:45,05F0439S,05F0494S,42,209,1
2023/10/15 16:45,05F0439S,05F0494S,5,0,0
2023/10/15 16:50,05F0000S,05F0055S,31,248,89
2023/10/15 16:50,05F0000S,05F0055S,32,244,16
2023/10/15 16:50,05F0000S,05F0055S,41,266,10
2023/10/15 16:50,05F0000S,05F0055S,42,0,0
2023/10/15 16:50,05F0000S,05F0055S,5,0,0
2023/10/15 16:50,05F0055S,05F0287S,31,1011,109
2023/10/15 16:50,05F0055S,05F0287S,32,1008,25
2023/10/15 16:50,05F0055S,05F0287S,41,1067,4
2023/10/15 16:50,05F0055S,05F0287S,42,0,0
2023/10/15 16:50,05F0055S,05F0287S,5,0,0
2023/10/15 16:50,05F0287S,05F0309S,31,86,82
2023/10/15 16:50,05F0287S,05F0309S,32,89,19
2023/10/15 16:50,05F0287S,05F0309S,41,101,1
2023/10/15 16:50,05F0287S,05F0309S,42,0,0
2023/10/15 16:50,05F0287S,05F0309S,5,0,0
2023/10/15 16:50,05F0309S,05F0439S,31,439,41
2023/10/15 16:50,05F0309S,05F0439S,32,494,9
2023/10/15 16:50,05F0309S,05F0439S,41,544,1
2023/10/15 16:50,05F0309S,05F0439S,42,0,0
2023/10/15 16:50,05F0309S,05F0439S,5,518,1
2023/10/15 16:50,05F0439S,05F0494S,31,200,31
2023/10/15 16:50,05F0439S,05F0494S,32,214,8
2023/10/15 16:50,05F0439S,05F0494S,41,217,1
2023/10/15 16:50,05F0439S,05F0494S,42,0,0
2023/10/15 16:50,05F0439S,05F0494S,5,0,0
2023/10/15 16:55,05F0000S,05F0055S,31,260,106
2023/10/15 16:55,05F0000S,05F0055S,32,261,20
2023/10/15 16:55,05F0000S,05F0055S,41,262,4
2023/10/15 16:55,05F0000S,05F0055S,42,0,0
2023/10/15 16:55,05F0000S,05F0055S,5,0,0
2023/10/15 16:55,05F0055S,05F0287S,31,1010,93
2023/10/15 16:55,05F0055S,05F0287S,32,1009,26
2023/10/15 16:55,05F0055S,05F0287S,41,1075,6
2023/10/15 16:55,05F0055S,05F0287S,42,0,0
2023/10/15 16:55,05F0055S,05F0287S,5,0,0
2023/10/15 16:55,05F0287S,05F0309S,31,87,73
2023/10/15 16:55,05F0287S,05F0309S,32,88,21
2023/10/15 16:55,05F0287S,05F0309S,41,98,6
2023/10/15 16:55,05F0287S,05F0309S,42,0,0
2023/10/15 16:55,05F0287S,05F0309S,5,0,0
2023/10/15 16:55,05F0309S,05F0439S,31,460,54
2023/10/15 16:55,05F0309S,05F0439S,32,476,12
2023/10/15 16:55,05F0309S,05F0439S,41,515,4
2023/10/15 16:55,05F0309S,05F0439S,42,645,1
2023/10/15 16:55,05F0309S,05F0439S,5,0,0
2023/10/15 16:55,05F0439S,05F0494S,31,179,25
2023/10/15 16:55,05F0439S,05F0494S,32,201,9
2023/10/15 16:55,05F0439S,05F0494S,41,0,0
2023/10/15 16:55,05F0439S,05F0494S,42,0,0
2023/10/15 16:55,05F0439S,05F0494S,5,222,1
2023/10/15 17:00,05F0000S,05F0055S,31,245,103
2023/10/15 17:00,05F0000S,05F0055S,32,245,18
2023/10/15 17:00,05F0000S,05F0055S,41,250,6
2023/10/15 17:00,05F0000S,05F0055S,42,0,0
2023/10/15 17:00,05F0000S,05F0055S,5,0,0
2023/10/15 17:00,05F0055S,05F0287S,31,1001,103
2023/10/15 17:00,05F0055S,05F0287S,32,1005,32
2023/10/15 17:00,05F0055S,05F0287S,41,1031,5
2023/10/15 17:00,05F0055S,05F0287S,42,0,0
2023/10/15 17:00,05F0055S,05F0287S,5,0,0
2023/10/15 17:00,05F0287S,05F0309S,31,87,85
2023/10/15 17:00,05F0287S,05F0309S,32,89,22
2023/10/15 17:00,05F0287S,05F0309S,41,92,4
2023/10/15 17:00,05F0287S,05F0309S,42,0,0
2023/10/15 17:00,05F0287S,05F0309S,5,0,0
2023/10/15 17:00,05F0309S,05F0439S,31,481,52
2023/10/15 17:00,05F0309S,05F0439S,32,474,13
2023/10/15 17:00,05F0309S,05F0439S,41,498,1
2023/10/15 17:00,05F0309S,05F0439S,42,491,1
2023/10/15 17:00,05F0309S,05F0439S,5,0,0
2023/10/15 17:00,05F0439S,05F0494S,31,209,25
2023/10/15 17:00,05F0439S,05F0494S,32,208,5
2023/10/15 17:00,05F0439S,05F0494S,41,210,1
2023/10/15 17:00,05F0439S,05F0494S,42,242,2
2023/10/15 17:00,05F0439S,05F0494S,5,0,0
2023/10/15 17:05,05F0000S,05F0055S,31,253,128
2023/10/15 17:05,05F0000S,05F0055S,32,253,24
2023/10/15 17:05,05F0000S,05F0055S,41,256,12
2023/10/15 17:05,05F0000S,05F0055S,42,0,0
2023/10/15 17:05,05F0000S,05F0055S,5,0,0
2023/10/15 17:05,05F0055S,05F0287S,31,960,100
2023/10/15 17:05,05F0055S,05F0287S,32,972,23
2023/10/15 17:05,05F0055S,05F0287S,41,1035,5
2023/10/15 17:05,05F0055S,05F0287S,42,0,0
2023/10/15 17:05,05F0055S,05F0287S,5,0,0
2023/10/15 17:05,05F0287S,05F0309S,31,86,75
2023/10/15 17:05,05F0287S,05F0309S,32,86,22
2023/10/15 17:05,05F0287S,05F0309S,41,93,3
2023/10/15 17:05,05F0287S,05F0309S,42,0,0
2023/10/15 17:05,05F0287S,05F0309S,5,0,0
2023/10/15 17:05,05F0309S,05F0439S,31,464,37
2023/10/15 17:05,05F0309S,05F0439S,32,468,15
2023/10/15 17:05,05F0309S,05F0439S,41,533,1
2023/10/15 17:05,05F0309S,05F0439S,42,0,0
2023/10/15 17:05,05F0309S,05F0439S,5,500,1
2023/10/15 17:05,05F0439S,05F0494S,31,208,22
2023/10/15 17:05,05F0439S,05F0494S,32,201,7
2023/10/15 17:05,05F0439S,05F0494S,41,0,0
2023/10/15 17:05,05F0439S,05F0494S,42,0,0
2023/10/15 17:05,05F0439S,05F0494S,5,210,1
2023/10/15 17:10,05F0000S,05F0055S,31,250,111
2023/10/15 17:10,05F0000S,05F0055S,32,251,23
2023/10/15 17:10,05F0000S,05F0055S,41,269,7
2023/10/15 17:10,05F0000S,05F0055S,42,0,0
2023/10/15 17:10,05F0000S,05F0055S,5,0,0
2023/10/15 17:10,05F0055S,05F0287S,31,982,100
2023/10/15 17:10,05F0055S,05F0287S,32,989,19
2023/10/15 17:10,05F0055S,05F0287S,41,1058,8
2023/10/15 17:10,05F0055S,05F0287S,42,0,0
2023/10/15 17:10,05F0055S,05F0287S,5,0,0
2023/10/15 17:10,05F0287S,05F0309S,31,84,73
2023/10/15 17:10,05F0287S,05F0309S,32,90,12
2023/10/15 17:10,05F0287S,05F0309S,41,89,5
2023/10/15 17:10,05F0287S,05F0309S,42,0,0
2023/10/15 17:10,05F0287S,05F0309S,5,0,0
2023/10/15 17:10,05F0309S,05F0439S,31,456,51
2023/10/15 17:10,05F0309S,05F0439S,32,465,17
2023/10/15 17:10,05F0309S,05F0439S,41,524,3
2023/10/15 17:10,05F0309S,05F0439S,42,0,0
2023/10/15 17:10,05F0309S,05F0439S,5,0,0
2023/10/15 17:10,05F0439S,05F0494S,31,204,24
2023/10/15 17:10,05F0439S,05F0494S,32,198,7
2023/10/15 17:10,05F0439S,05F0494S,41,0,0
2023/10/15 17:10,05F0439S,05F0494S,42,0,0
2023/10/15 17:10,05F0439S,05F0494S,5,0,0
2023/10/15 17:15,05F0000S,05F0055S,31,243,95
2023/10/15 17:15,05F0000S,05F0055S,32,242,26
2023/10/15 17:15,05F0000S,05F0055S,41,1460,6
2023/10/15 17:15,05F0000S,05F0055S,42,0,0
2023/10/15 17:15,05F0000S,05F0055S,5,0,0
2023/10/15 17:15,05F0055S,05F0287S,31,996,138
2023/10/15 17:15,05F0055S,05F0287S,32,996,27
2023/10/15 17:15,05F0055S,05F0287S,41,1022,5
2023/10/15 17:15,05F0055S,05F0287S,42,0,0
2023/10/15 17:15,05F0055S,05F0287S,5,0,0
2023/10/15 17:15,05F0287S,05F0309S,31,86,99
2023/10/15 17:15,05F0287S,05F0309S,32,87,18
2023/10/15 17:15,05F0287S,05F0309S,41,91,3
2023/10/15 17:15,05F0287S,05F0309S,42,0,0
2023/10/15 17:15,05F0287S,05F0309S,5,0,0
2023/10/15 17:15,05F0309S,05F0439S,31,438,39
2023/10/15 17:15,05F0309S,05F0439S,32,484,6
2023/10/15 17:15,05F0309S,05F0439S,41,531,1
2023/10/15 17:15,05F0309S,05F0439S,42,0,0
2023/10/15 17:15,05F0309S,05F0439S,5,0,0
2023/10/15 17:15,05F0439S,05F0494S,31,180,18
2023/10/15 17:15,05F0439S,05F0494S,32,195,12
2023/10/15 17:15,05F0439S,05F0494S,41,0,0
2023/10/15 17:15,05F0439S,05F0494S,42,0,0
2023/10/15 17:15,05F0439S,05F0494S,5,0,0
2023/10/15 17:20,05F0000S,05F0055S,31,247,106
2023/10/15 17:20,05F0000S,05F0055S,32,246,18
2023/10/15 17:20,05F0000S,05F0055S,41,260,6
2023/10/15 17:20,05F0000S,05F0055S,42,0,0
2023/10/15 17:20,05F0000S,05F0055S,5,0,0
2023/10/15 17:20,05F0055S,05F0287S,31,1024,100
2023/10/15 17:20,05F0055S,05F0287S,32,1024,19
2023/10/15 17:20,05F0055S,05F0287S,41,1033,8
2023/10/15 17:20,05F0055S,05F0287S,42,0,0
2023/10/15 17:20,05F0055S,05F0287S,5,0,0
2023/10/15 17:20,05F0287S,05F0309S,31,86,65
2023/10/15 17:20,05F0287S,05F0309S,32,85,12
2023/10/15 17:20,05F0287S,05F0309S,41,92,5
2023/10/15 17:20,05F0287S,05F0309S,42,0,0
2023/10/15 17:20,05F0287S,05F0309S,5,0,0
2023/10/15 17:20,05F0309S,05F0439S,31,471,54
2023/10/15 17:20,05F0309S,05F0439S,32,488,13
2023/10/15 17:20,05F0309S,05F0439S,41,515,2
2023/10/15 17:20,05F0309S,05F0439S,42,499,1
2023/10/15 17:20,05F0309S,05F0439S,5,500,1
2023/10/15 17:20,05F0439S,05F0494S,31,201,16
2023/10/15 17:20,05F0439S,05F0494S,32,219,4
2023/10/15 17:20,05F0439S,05F0494S,41,0,0
2023/10/15 17:20,05F0439S,05F0494S,42,0,0
2023/10/15 17:20,05F0439S,05F0494S,5,0,0
2023/10/15 17:25,05F0000S,05F0055S,31,245,93
2023/10/15 17:25,05F0000S,05F0055S,32,246,26
2023/10/15 17:25,05F0000S,05F0055S,41,252,5
2023/10/15 17:25,05F0000S,05F0055S,42,0,0
2023/10/15 17:25,05F0000S,05F0055S,5,0,0
2023/10/15 17:25,05F0055S,05F0287S,31,1020,129
2023/10/15 17:25,05F0055S,05F0287S,32,1018,19
2023/10/15 17:25,05F0055S,05F0287S,41,1068,11
2023/10/15 17:25,05F0055S,05F0287S,42,0,0
2023/10/15 17:25,05F0055S,05F0287S,5,0,0
2023/10/15 17:25,05F0287S,05F0309S,31,87,106
2023/10/15 17:25,05F0287S,05F0309S,32,87,17
2023/10/15 17:25,05F0287S,05F0309S,41,90,12
2023/10/15 17:25,05F0287S,05F0309S,42,0,0
2023/10/15 17:25,05F0287S,05F0309S,5,0,0
2023/10/15 17:25,05F0309S,05F0439S,31,479,59
2023/10/15 17:25,05F0309S,05F0439S,32,469,12
2023/10/15 17:25,05F0309S,05F0439S,41,516,2
2023/10/15 17:25,05F0309S,05F0439S,42,0,0
2023/10/15 17:25,05F0309S,05F0439S,5,0,0
2023/10/15 17:25,05F0439S,05F0494S,31,204,24
2023/10/15 17:25,05F0439S,05F0494S,32,209,7
2023/10/15 17:25,05F0439S,05F0494S,41,0,0
2023/10/15 17:25,05F0439S,05F0494S,42,0,0
2023/10/15 17:25,05F0439S,05F0494S,5,212,1
2023/10/15 17:30,05F0000S,05F0055S,31,246,84
2023/10/15 17:30,05F0000S,05F0055S,32,251,23
2023/10/15 17:30,05F0000S,05F0055S,41,257,7
2023/10/15 17:30,05F0000S,05F0055S,42,0,0
2023/10/15 17:30,05F0000S,05F0055S,5,0,0
2023/10/15 17:30,05F0055S,05F0287S,31,994,109
2023/10/15 17:30,05F0055S,05F0287S,32,1001,30
2023/10/15 17:30,05F0055S,05F0287S,41,1030,8
2023/10/15 17:30,05F0055S,05F0287S,42,0,0
2023/10/15 17:30,05F0055S,05F0287S,5,0,0
2023/10/15 17:30,05F0287S,05F0309S,31,87,89
2023/10/15 17:30,05F0287S,05F0309S,32,88,24
2023/10/15 17:30,05F0287S,05F0309S,41,90,3
2023/10/15 17:30,05F0287S,05F0309S,42,0,0
2023/10/15 17:30,05F0287S,05F0309S,5,0,0
2023/10/15 17:30,05F0309S,05F0439S,31,462,42
2023/10/15 17:30,05F0309S,05F0439S,32,486,9
2023/10/15 17:30,05F0309S,05F0439S,41,535,6
2023/10/15 17:30,05F0309S,05F0439S,42,542,1
2023/10/15 17:30,05F0309S,05F0439S,5,0,0
2023/10/15 17:30,05F0439S,05F0494S,31,195,34
2023/10/15 17:30,05F0439S,05F0494S,32,211,6
2023/10/15 17:30,05F0439S,05F0494S,41,0,0
2023/10/15 17:30,05F0439S,05F0494S,42,235,1
2023/10/15 17:30,05F0439S,05F0494S,5,0,0
2023/10/15 17:35,05F0000S,05F0055S,31,242,78
2023/10/15 17:35,05F0000S,05F0055S,32,237,15
2023/10/15 17:35,05F0000S,05F0055S,41,256,7
2023/10/15 17:35,05F0000S,05F0055S,42,0,0
2023/10/15 17:35,05F0000S,05F0055S,5,0,0
2023/10/15 17:35,05F0055S,05F0287S,31,973,91
2023/10/15 17:35,05F0055S,05F0287S,32,987,27
2023/10/15 17:35,05F0055S,05F0287S,41,1028,3
2023/10/15 17:35,05F0055S,05F0287S,42,0,0
2023/10/15 17:35,05F0055S,05F0287S,5,0,0
2023/10/15 17:35,05F0287S,05F0309S,31,86,74
2023/10/15 17:35,05F0287S,05F0309S,32,86,20
2023/10/15 17:35,05F0287S,05F0309S,41,93,6
2023/10/15 17:35,05F0287S,05F0309S,42,0,0
2023/10/15 17:35,05F0287S,05F0309S,5,0,0
2023/10/15 17:35,05F0309S,05F0439S,31,475,63
2023/10/15 17:35,05F0309S,05F0439S,32,503,8
2023/10/15 17:35,05F0309S,05F0439S,41,514,9
2023/10/15 17:35,05F0309S,05F0439S,42,0,0
2023/10/15 17:35,05F0309S,05F0439S,5,0,0
2023/10/15 17:35,05F0439S,05F0494S,31,197,22
2023/10/15 17:35,05F0439S,05F0494S,32,214,4
2023/10/15 17:35,05F0439S,05F0494S,41,210,2
2023/10/15 17:35,05F0439S,05F0494S,42,218,1
2023/10/15 17:35,05F0439S,05F0494S,5,0,0
2023/10/15 17:40,05F0000S,05F0055S,31,250,93
2023/10/15 17:40,05F0000S,05F0055S,32,250,34
2023/10/15 17:40,05F0000S,05F0055S,41,260,6
2023/10/15 17:40,05F0000S,05F0055S,42,0,0
2023/10/15 17:40,05F0000S,05F0055S,5,0,0
2023/10/15 17:40,05F0055S,05F0287S,31,987,116
2023/10/15 17:40,05F0055S,05F0287S,32,993,32
2023/10/15 17:40,05F0055S,05F0287S,41,1016,7
2023/10/15 17:40,05F0055S,05F0287S,42,0,0
2023/10/15 17:40,05F0055S,05F0287S,5,0,0
2023/10/15 17:40,05F0287S,05F0309S,31,87,84
2023/10/15 17:40,05F0287S,05F0309S,32,91,25
2023/10/15 17:40,05F0287S,05F0309S,41,92,2
2023/10/15 17:40,05F0287S,05F0309S,42,0,0
2023/10/15 17:40,05F0287S,05F0309S,5,0,0
2023/10/15 17:40,05F0309S,05F0439S,31,474,58
2023/10/15 17:40,05F0309S,05F0439S,32,474,15
2023/10/15 17:40,05F0309S,05F0439S,41,511,5
2023/10/15 17:40,05F0309S,05F0439S,42,0,0
2023/10/15 17:40,05F0309S,05F0439S,5,0,0
2023/10/15 17:40,05F0439S,05F0494S,31,209,31
2023/10/15 17:40,05F0439S,05F0494S,32,205,5
2023/10/15 17:40,05F0439S,05F0494S,41,0,0
2023/10/15 17:40,05F0439S,05F0494S,42,234,1
2023/10/15 17:40,05F0439S,05F0494S,5,0,0
2023/10/15 17:45,05F0000S,05F0055S,31,246,85
2023/10/15 17:45,05F0000S,05F0055S,32,248,17
2023/10/15 17:45,05F0000S,05F0055S,41,264,7
2023/10/15 17:45,05F0000S,05F0055S,42,0,0
2023/10/15 17:45,05F0000S,05F0055S,5,0,0
2023/10/15 17:45,05F0055S,05F0287S,31,984,85
2023/10/15 17:45,05F0055S,05F0287S,32,981,19
2023/10/15 17:45,05F0055S,05F0287S,41,1027,5
2023/10/15 17:45,05F0055S,05F0287S,42,0,0
2023/10/15 17:45,05F0055S,05F0287S,5,0,0
2023/10/15 17:45,05F0287S,05F0309S,31,87,74
2023/10/15 17:45,05F0287S,05F0309S,32,86,16
2023/10/15 17:45,05F0287S,05F0309S,41,96,7
2023/10/15 17:45,05F0287S,05F0309S,42,0,0
2023/10/15 17:45,05F0287S,05F0309S,5,0,0
2023/10/15 17:45,05F0309S,05F0439S,31,475,38
2023/10/15 17:45,05F0309S,05F0439S,32,491,8
2023/10/15 17:45,05F0309S,05F0439S,41,527,2
2023/10/15 17:45,05F0309S,05F0439S,42,0,0
2023/10/15 17:45,05F0309S,05F0439S,5,0,0
2023/10/15 17:45,05F0439S,05F0494S,31,207,26
2023/10/15 17:45,05F0439S,05F0494S,32,200,8
2023/10/15 17:45,05F0439S,05F0494S,41,0,0
2023/10/15 17:45,05F0439S,05F0494S,42,0,0
2023/10/15 17:45,05F0439S,05F0494S,5,0,0
2023/10/15 17:50,05F0000S,05F0055S,31,249,89
2023/10/15 17:50,05F0000S,05F0055S,32,253,20
2023/10/15 17:50,05F0000S,05F0055S,41,247,10
2023/10/15 17:50,05F0000S,05F0055S,42,0,0
2023/10/15 17:50,05F0000S,05F0055S,5,0,0
2023/10/15 17:50,05F0055S,05F0287S,31,1006,105
2023/10/15 17:50,05F0055S,05F0287S,32,1020,27
2023/10/15 17:50,05F0055S,05F0287S,41,1003,8
2023/10/15 17:50,05F0055S,05F0287S,42,0,0
2023/10/15 17:50,05F0055S,05F0287S,5,0,0
2023/10/15 17:50,05F0287S,05F0309S,31,88,77
2023/10/15 17:50,05F0287S,05F0309S,32,90,21
2023/10/15 17:50,05F0287S,05F0309S,41,95,2
2023/10/15 17:50,05F0287S,05F0309S,42,0,0
2023/10/15 17:50,05F0287S,05F0309S,5,0,0
2023/10/15 17:50,05F0309S,05F0439S,31,484,49
2023/10/15 17:50,05F0309S,05F0439S,32,490,17
2023/10/15 17:50,05F0309S,05F0439S,41,537,3
2023/10/15 17:50,05F0309S,05F0439S,42,0,0
2023/10/15 17:50,05F0309S,05F0439S,5,523,1
2023/10/15 17:50,05F0439S,05F0494S,31,201,23
2023/10/15 17:50,05F0439S,05F0494S,32,211,9
2023/10/15 17:50,05F0439S,05F0494S,41,0,0
2023/10/15 17:50,05F0439S,05F0494S,42,0,0
2023/10/15 17:50,05F0439S,05F0494S,5,0,0
2023/10/15 17:55,05F0000S,05F0055S,31,243,86
2023/10/15 17:55,05F0000S,05F0055S,32,242,22
2023/10/15 17:55,05F0000S,05F0055S,41,252,5
2023/10/15 17:55,05F0000S,05F0055S,42,0,0
2023/10/15 17:55,05F0000S,05F0055S,5,0,0
2023/10/15 17:55,05F0055S,05F0287S,31,1003,78
2023/10/15 17:55,05F0055S,05F0287S,32,998,34
2023/10/15 17:55,05F0055S,05F0287S,41,1032,4
2023/10/15 17:55,05F0055S,05F0287S,42,0,0
2023/10/15 17:55,05F0055S,05F0287S,5,0,0
2023/10/15 17:55,05F0287S,05F0309S,31,87,63
2023/10/15 17:55,05F0287S,05F0309S,32,90,26
2023/10/15 17:55,05F0287S,05F0309S,41,87,6
2023/10/15 17:55,05F0287S,05F0309S,42,0,0
2023/10/15 17:55,05F0287S,05F0309S,5,0,0
2023/10/15 17:55,05F0309S,05F0439S,31,497,45
2023/10/15 17:55,05F0309S,05F0439S,32,508,6
2023/10/15 17:55,05F0309S,05F0439S,41,534,3
2023/10/15 17:55,05F0309S,05F0439S,42,0,0
2023/10/15 17:55,05F0309S,05F0439S,5,478,1
2023/10/15 17:55,05F0439S,05F0494S,31,201,22
2023/10/15 17:55,05F0439S,05F0494S,32,216,8
2023/10/15 17:55,05F0439S,05F0494S,41,0,0
2023/10/15 17:55,05F0439S,05F0494S,42,0,0
2023/10/15 17:55,05F0439S,05F0494S,5,203,1
2023/10/15 18:00,05F0000S,05F0055S,31,250,94
2023/10/15 18:00,05F0000S,05F0055S,32,252,18
2023/10/15 18:00,05F0000S,05F0055S,41,271,9
2023/10/15 18:00,05F0000S,05F0055S,42,0,0
2023/10/15 18:00,05F0000S,05F0055S,5,0,0
2023/10/15 18:00,05F0055S,05F0287S,31,1002,109
2023/10/15 18:00,05F0055S,05F0287S,32,1005,21
2023/10/15 18:00,05F0055S,05F0287S,41,1057,4
2023/10/15 18:00,05F0055S,05F0287S,42,0,0
2023/10/15 18:00,05F0055S,05F0287S,5,0,0
2023/10/15 18:00,05F0287S,05F0309S,31,88,102
2023/10/15 18:00,05F0287S,05F0309S,32,90,20
2023/10/15 18:00,05F0287S,05F0309S,41,92,6
2023/10/15 18:00,05F0287S,05F0309S,42,0,0
2023/10/15 18:00,05F0287S,05F0309S,5,0,0
2023/10/15 18:00,05F0309S,05F0439S,31,488,42
2023/10/15 18:00,05F0309S,05F0439S,32,502,16
2023/10/15 18:00,05F0309S,05F0439S,41,519,1
2023/10/15 18:00,05F0309S,05F0439S,42,0,0
2023/10/15 18:00,05F0309S,05F0439S,5,0,0
2023/10/15 18:00,05F0439S,05F0494S,31,207,17
2023/10/15 18:00,05F0439S,05F0494S,32,214,1
2023/10/15 18:00,05F0439S,05F0494S,41,0,0
2023/10/15 18:00,05F0439S,05F0494S,42,0,0
2023/10/15 18:00,05F0439S,05F0494S,5,0,0
2023/10/15 18:05,05F0000S,05F0055S,31,240,73
2023/10/15 18:05,05F0000S,05F0055S,32,240,25
2023/10/15 18:05,05F0000S,05F0055S,41,247,10
2023/10/15 18:05,05F0000S,05F0055S,42,0,0
2023/10/15 18:05,05F0000S,05F0055S,5,0,0
2023/10/15 18:05,05F0055S,05F0287S,31,994,83
2023/10/15 18:05,05F0055S,05F0287S,32,991,25
2023/10/15 18:05,05F0055S,05F0287S,41,1036,15
2023/10/15 18:05,05F0055S,05F0287S,42,0,0
2023/10/15 18:05,05F0055S,05F0287S,5,0,0
2023/10/15 18:05,05F0287S,05F0309S,31,89,56
2023/10/15 18:05,05F0287S,05F0309S,32,85,20
2023/10/15 18:05,05F0287S,05F0309S,41,90,12
2023/10/15 18:05,05F0287S,05F0309S,42,0,0
2023/10/15 18:05,05F0287S,05F0309S,5,0,0
2023/10/15 18:05,05F0309S,05F0439S,31,478,45
2023/10/15 18:05,05F0309S,05F0439S,32,480,22
2023/10/15 18:05,05F0309S,05F0439S,41,530,3
2023/10/15 18:05,05F0309S,05F0439S,42,0,0
2023/10/15 18:05,05F0309S,05F0439S,5,555,2
2023/10/15 18:05,05F0439S,05F0494S,31,201,18
2023/10/15 18:05,05F0439S,05F0494S,32,209,6
2023/10/15 18:05,05F0439S,05F0494S,41,0,0
2023/10/15 18:05,05F0439S,05F0494S,42,0,0
2023/10/15 18:05,05F0439S,05F0494S,5,210,1
2023/10/15 18:10,05F0000S,05F0055S,31,239,79
2023/10/15 18:10,05F0000S,05F0055S,32,242,13
2023/10/15 18:10,05F0000S,05F0055S,41,242,12
2023/10/15 18:10,05F0000S,05F0055S,42,0,0
2023/10/15 18:10,05F0000S,05F0055S,5,0,0
2023/10/15 18:10,05F0055S,05F0287S,31,1003,115
2023/10/15 18:10,05F0055S,05F0287S,32,988,19
2023/10/15 18:10,05F0055S,05F0287S,41,1005,3
2023/10/15 18:10,05F0055S,05F0287S,42,0,0
2023/10/15 18:10,05F0055S,05F0287S,5,0,0
2023/10/15 18:10,05F0287S,05F0309S,31,87,87
2023/10/15 18:10,05F0287S,05F0309S,32,84,13
2023/10/15 18:10,05F0287S,05F0309S,41,91,2
2023/10/15 18:10,05F0287S,05F0309S,42,0,0
2023/10/15 18:10,05F0287S,05F0309S,5,0,0
2023/10/15 18:10,05F0309S,05F0439S,31,498,56
2023/10/15 18:10,05F0309S,05F0439S,32,493,16
2023/10/15 18:10,05F0309S,05F0439S,41,529,3
2023/10/15 18:10,05F0309S,05F0439S,42,0,0
2023/10/15 18:10,05F0309S,05F0439S,5,0,0
2023/10/15 18:10,05F0439S,05F0494S,31,202,28
2023/10/15 18:10,05F0439S,05F0494S,32,202,8
2023/10/15 18:10,05F0439S,05F0494S,41,224,1
2023/10/15 18:10,05F0439S,05F0494S,42,0,0
2023/10/15 18:10,05F0439S,05F0494S,5,227,1
2023/10/15 18:15,05F0000S,05F0055S,31,240,50
2023/10/15 18:15,05F0000S,05F0055S,32,241,15
2023/10/15 18:15,05F0000S,05F0055S,41,257,7
2023/10/15 18:15,05F0000S,05F0055S,42,0,0
2023/10/15 18:15,05F0000S,05F0055S,5,0,0
2023/10/15 18:15,05F0055S,05F0287S,31,985,93
2023/10/15 18:15,05F0055S,05F0287S,32,988,21
2023/10/15 18:15,05F0055S,05F0287S,41,1007,9
2023/10/15 18:15,05F0055S,05F0287S,42,0,0
2023/10/15 18:15,05F0055S,05F0287S,5,0,0
2023/10/15 18:15,05F0287S,05F0309S,31,85,77
2023/10/15 18:15,05F0287S,05F0309S,32,85,15
2023/10/15 18:15,05F0287S,05F0309S,41,92,8
2023/10/15 18:15,05F0287S,05F0309S,42,0,0
2023/10/15 18:15,05F0287S,05F0309S,5,0,0
2023/10/15 18:15,05F0309S,05F0439S,31,479,51
2023/10/15 18:15,05F0309S,05F0439S,32,481,13
2023/10/15 18:15,05F0309S,05F0439S,41,500,2
2023/10/15 18:15,05F0309S,05F0439S,42,0,0
2023/10/15 18:15,05F0309S,05F0439S,5,0,0
2023/10/15 18:15,05F0439S,05F0494S,31,194,15
2023/10/15 18:15,05F0439S,05F0494S,32,199,9
2023/10/15 18:15,05F0439S,05F0494S,41,0,0
2023/10/15 18:15,05F0439S,05F0494S,42,0,0
2023/10/15 18:15,05F0439S,05F0494S,5,0,0
2023/10/15 18:20,05F0000S,05F0055S,31,240,76
2023/10/15 18:20,05F0000S,05F0055S,32,243,10
2023/10/15 18:20,05F0000S,05F0055S,41,258,11
2023/10/15 18:20,05F0000S,05F0055S,42,0,0
2023/10/15 18:20,05F0000S,05F0055S,5,0,0
2023/10/15 18:20,05F0055S,05F0287S,31,1027,85
2023/10/15 18:20,05F0055S,05F0287S,32,1023,26
2023/10/15 18:20,05F0055S,05F0287S,41,1037,10
2023/10/15 18:20,05F0055S,05F0287S,42,0,0
2023/10/15 18:20,05F0055S,05F0287S,5,0,0
2023/10/15 18:20,05F0287S,05F0309S,31,88,65
2023/10/15 18:20,05F0287S,05F0309S,32,88,15
2023/10/15 18:20,05F0287S,05F0309S,41,93,5
2023/10/15 18:20,05F0287S,05F0309S,42,0,0
2023/10/15 18:20,05F0287S,05F0309S,5,0,0
2023/10/15 18:20,05F0309S,05F0439S,31,477,54
2023/10/15 18:20,05F0309S,05F0439S,32,476,11
2023/10/15 18:20,05F0309S,05F0439S,41,522,2
2023/10/15 18:20,05F0309S,05F0439S,42,0,0
2023/10/15 18:20,05F0309S,05F0439S,5,514,1
2023/10/15 18:20,05F0439S,05F0494S,31,204,28
2023/10/15 18:20,05F0439S,05F0494S,32,196,9
2023/10/15 18:20,05F0439S,05F0494S,41,0,0
2023/10/15 18:20,05F0439S,05F0494S,42,0,0
2023/10/15 18:20,05F0439S,05F0494S,5,0,0
2023/10/15 18:25,05F0000S,05F0055S,31,251,90
2023/10/15 18:25,05F0000S,05F0055S,32,256,13
2023/10/15 18:25,05F0000S,05F0055S,41,268,14
2023/10/15 18:25,05F0000S,05F0055S,42,0,0
2023/10/15 18:25,05F0000S,05F0055S,5,0,0
2023/10/15 18:25,05F0055S,05F0287S,31,988,91
2023/10/15 18:25,05F0055S,05F0287S,32,985,20
2023/10/15 18:25,05F0055S,05F0287S,41,1015,12
2023/10/15 18:25,05F0055S,05F0287S,42,0,0
2023/10/15 18:25,05F0055S,05F0287S,5,0,0
2023/10/15 18:25,05F0287S,05F0309S,31,88,74
2023/10/15 18:25,05F0287S,05F0309S,32,89,22
2023/10/15 18:25,05F0287S,05F0309S,41,89,12
2023/10/15 18:25,05F0287S,05F0309S,42,0,0
2023/10/15 18:25,05F0287S,05F0309S,5,0,0
2023/10/15 18:25,05F0309S,05F0439S,31,487,43
2023/10/15 18:25,05F0309S,05F0439S,32,492,11
2023/10/15 18:25,05F0309S,05F0439S,41,517,3
2023/10/15 18:25,05F0309S,05F0439S,42,500,1
2023/10/15 18:25,05F0309S,05F0439S,5,0,0
2023/10/15 18:25,05F0439S,05F0494S,31,201,23
2023/10/15 18:25,05F0439S,05F0494S,32,221,4
2023/10/15 18:25,05F0439S,05F0494S,41,0,0
2023/10/15 18:25,05F0439S,05F0494S,42,0,0
2023/10/15 18:25,05F0439S,05F0494S,5,0,0
2023/10/15 18:30,05F0000S,05F0055S,31,247,77
2023/10/15 18:30,05F0000S,05F0055S,32,244,22
2023/10/15 18:30,05F0000S,05F0055S,41,246,10
2023/10/15 18:30,05F0000S,05F0055S,42,0,0
2023/10/15 18:30,05F0000S,05F0055S,5,0,0
2023/10/15 18:30,05F0055S,05F0287S,31,959,60
2023/10/15 18:30,05F0055S,05F0287S,32,946,17
2023/10/15 18:30,05F0055S,05F0287S,41,985,5
2023/10/15 18:30,05F0055S,05F0287S,42,0,0
2023/10/15 18:30,05F0055S,05F0287S,5,0,0
2023/10/15 18:30,05F0287S,05F0309S,31,85,69
2023/10/15 18:30,05F0287S,05F0309S,32,85,15
2023/10/15 18:30,05F0287S,05F0309S,41,90,7
2023/10/15 18:30,05F0287S,05F0309S,42,0,0
2023/10/15 18:30,05F0287S,05F0309S,5,0,0
2023/10/15 18:30,05F0309S,05F0439S,31,483,51
2023/10/15 18:30,05F0309S,05F0439S,32,466,19
2023/10/15 18:30,05F0309S,05F0439S,41,527,3
2023/10/15 18:30,05F0309S,05F0439S,42,0,0
2023/10/15 18:30,05F0309S,05F0439S,5,0,0
2023/10/15 18:30,05F0439S,05F0494S,31,214,17
2023/10/15 18:30,05F0439S,05F0494S,32,199,3
2023/10/15 18:30,05F0439S,05F0494S,41,0,0
2023/10/15 18:30,05F0439S,05F0494S,42,0,0
2023/10/15 18:30,05F0439S,05F0494S,5,0,0
2023/10/15 18:35,05F0000S,05F0055S,31,246,88
2023/10/15 18:35,05F0000S,05F0055S,32,250,19
2023/10/15 18:35,05F0000S,05F0055S,41,241,8
2023/10/15 18:35,05F0000S,05F0055S,42,0,0
2023/10/15 18:35,05F0000S,05F0055S,5,0,0
2023/10/15 18:35,05F0055S,05F0287S,31,966,76
2023/10/15 18:35,05F0055S,05F0287S,32,959,10
2023/10/15 18:35,05F0055S,05F0287S,41,1045,11
2023/10/15 18:35,05F0055S,05F0287S,42,0,0
2023/10/15 18:35,05F0055S,05F0287S,5,0,0
2023/10/15 18:35,05F0287S,05F0309S,31,85,47
2023/10/15 18:35,05F0287S,05F0309S,32,85,5
2023/10/15 18:35,05F0287S,05F0309S,41,91,5
2023/10/15 18:35,05F0287S,05F0309S,42,0,0
2023/10/15 18:35,05F0287S,05F0309S,5,0,0
2023/10/15 18:35,05F0309S,05F0439S,31,470,53
2023/10/15 18:35,05F0309S,05F0439S,32,474,12
2023/10/15 18:35,05F0309S,05F0439S,41,488,2
2023/10/15 18:35,05F0309S,05F0439S,42,0,0
2023/10/15 18:35,05F0309S,05F0439S,5,515,1
2023/10/15 18:35,05F0439S,05F0494S,31,199,21
2023/10/15 18:35,05F0439S,05F0494S,32,203,5
2023/10/15 18:35,05F0439S,05F0494S,41,226,1
2023/10/15 18:35,05F0439S,05F0494S,42,0,0
2023/10/15 18:35,05F0439S,05F0494S,5,0,0
2023/10/15 18:40,05F0000S,05F0055S,31,241,75
2023/10/15 18:40,05F0000S,05F0055S,32,241,24
2023/10/15 18:40,05F0000S,05F0055S,41,244,7
2023/10/15 18:40,05F0000S,05F0055S,42,0,0
2023/10/15 18:40,05F0000S,05F0055S,5,0,0
2023/10/15 18:40,05F0055S,05F0287S,31,987,93
2023/10/15 18:40,05F0055S,05F0287S,32,998,15
2023/10/15 18:40,05F0055S,05F0287S,41,1048,12
2023/10/15 18:40,05F0055S,05F0287S,42,0,0
2023/10/15 18:40,05F0055S,05F0287S,5,0,0
2023/10/15 18:40,05F0287S,05F0309S,31,86,71
2023/10/15 18:40,05F0287S,05F0309S,32,89,10
2023/10/15 18:40,05F0287S,05F0309S,41,92,15
2023/10/15 18:40,05F0287S,05F0309S,42,0,0
2023/10/15 18:40,05F0287S,05F0309S,5,0,0
2023/10/15 18:40,05F0309S,05F0439S,31,498,34
2023/10/15 18:40,05F0309S,05F0439S,32,464,5
2023/10/15 18:40,05F0309S,05F0439S,41,510,2
2023/10/15 18:40,05F0309S,05F0439S,42,437,1
2023/10/15 18:40,05F0309S,05F0439S,5,0,0
2023/10/15 18:40,05F0439S,05F0494S,31,210,23
2023/10/15 18:40,05F0439S,05F0494S,32,195,9
2023/10/15 18:40,05F0439S,05F0494S,41,0,0
2023/10/15 18:40,05F0439S,05F0494S,42,181,1
2023/10/15 18:40,05F0439S,05F0494S,5,216,1
2023/10/15 18:45,05F0000S,05F0055S,31,243,66
2023/10/15 18:45,05F0000S,05F0055S,32,244,22
2023/10/15 18:45,05F0000S,05F0055S,41,248,5
2023/10/15 18:45,05F0000S,05F0055S,42,0,0
2023/10/15 18:45,05F0000S,05F0055S,5,0,0
2023/10/15 18:45,05F0055S,05F0287S,31,999,94
2023/10/15 18:45,05F0055S,05F0287S,32,978,21
2023/10/15 18:45,05F0055S,05F0287S,41,1061,14
2023/10/15 18:45,05F0055S,05F0287S,42,0,0
2023/10/15 18:45,05F0055S,05F0287S,5,0,0
2023/10/15 18:45,05F0287S,05F0309S,31,87,66
2023/10/15 18:45,05F0287S,05F0309S,32,85,15
2023/10/15 18:45,05F0287S,05F0309S,41,94,7
2023/10/15 18:45,05F0287S,05F0309S,42,0,0
2023/10/15 18:45,05F0287S,05F0309S,5,0,0
2023/10/15 18:45,05F0309S,05F0439S,31,476,45
2023/10/15 18:45,05F0309S,05F0439S,32,480,7
2023/10/15 18:45,05F0309S,05F0439S,41,518,4
2023/10/15 18:45,05F0309S,05F0439S,42,0,0
2023/10/15 18:45,05F0309S,05F0439S,5,509,2
2023/10/15 18:45,05F0439S,05F0494S,31,198,17
2023/10/15 18:45,05F0439S,05F0494S,32,204,1
2023/10/15 18:45,05F0439S,05F0494S,41,0,0
2023/10/15 18:45,05F0439S,05F0494S,42,0,0
2023/10/15 18:45,05F0439S,05F0494S,5,0,0
2023/10/15 18:50,05F0000S,05F0055S,31,243,90
2023/10/15 18:50,05F0000S,05F0055S,32,241,11
2023/10/15 18:50,05F0000S,05F0055S,41,254,9
2023/10/15 18:50,05F0000S,05F0055S,42,0,0
2023/10/15 18:50,05F0000S,05F0055S,5,0,0
2023/10/15 18:50,05F0055S,05F0287S,31,984,89
2023/10/15 18:50,05F0055S,05F0287S,32,986,18
2023/10/15 18:50,05F0055S,05F0287S,41,1032,7
2023/10/15 18:50,05F0055S,05F0287S,42,0,0
2023/10/15 18:50,05F0055S,05F0287S,5,0,0
2023/10/15 18:50,05F0287S,05F0309S,31,87,67
2023/10/15 18:50,05F0287S,05F0309S,32,89,16
2023/10/15 18:50,05F0287S,05F0309S,41,91,12
2023/10/15 18:50,05F0287S,05F0309S,42,0,0
2023/10/15 18:50,05F0287S,05F0309S,5,0,0
2023/10/15 18:50,05F0309S,05F0439S,31,476,31
2023/10/15 18:50,05F0309S,05F0439S,32,524,7
2023/10/15 18:50,05F0309S,05F0439S,41,528,5
2023/10/15 18:50,05F0309S,05F0439S,42,0,0
2023/10/15 18:50,05F0309S,05F0439S,5,0,0
2023/10/15 18:50,05F0439S,05F0494S,31,196,10
2023/10/15 18:50,05F0439S,05F0494S,32,211,3
2023/10/15 18:50,05F0439S,05F0494S,41,229,2
2023/10/15 18:50,05F0439S,05F0494S,42,0,0
2023/10/15 18:50,05F0439S,05F0494S,5,219,2
2023/10/15 18:55,05F0000S,05F0055S,31,237,66
2023/10/15 18:55,05F0000S,05F0055S,32,242,15
2023/10/15 18:55,05F0000S,05F0055S,41,255,5
2023/10/15 18:55,05F0000S,05F0055S,42,0,0
2023/10/15 18:55,05F0000S,05F0055S,5,0,0
2023/10/15 18:55,05F0055S,05F0287S,31,988,75
2023/10/15 18:55,05F0055S,05F0287S,32,993,23
2023/10/15 18:55,05F0055S,05F0287S,41,1020,11
2023/10/15 18:55,05F0055S,05F0287S,42,0,0
2023/10/15 18:55,05F0055S,05F0287S,5,0,0
2023/10/15 18:55,05F0287S,05F0309S,31,85,75
2023/10/15 18:55,05F0287S,05F0309S,32,90,21
2023/10/15 18:55,05F0287S,05F0309S,41,93,7
2023/10/15 18:55,05F0287S,05F0309S,42,0,0
2023/10/15 18:55,05F0287S,05F0309S,5,0,0
2023/10/15 18:55,05F0309S,05F0439S,31,493,49
2023/10/15 18:55,05F0309S,05F0439S,32,474,12
2023/10/15 18:55,05F0309S,05F0439S,41,539,7
2023/10/15 18:55,05F0309S,05F0439S,42,0,0
2023/10/15 18:55,05F0309S,05F0439S,5,0,0
2023/10/15 18:55,05F0439S,05F0494S,31,215,18
2023/10/15 18:55,05F0439S,05F0494S,32,225,3
2023/10/15 18:55,05F0439S,05F0494S,41,0,0
2023/10/15 18:55,05F0439S,05F0494S,42,0,0
2023/10/15 18:55,05F0439S,05F0494S,5,0,0
2023/10/15 19:00,05F0000S,05F0055S,31,246,73
2023/10/15 19:00,05F0000S,05F0055S,32,245,17
2023/10/15 19:00,05F0000S,05F0055S,41,245,5
2023/10/15 19:00,05F0000S,05F0055S,42,0,0
2023/10/15 19:00,05F0000S,05F0055S,5,0,0
2023/10/15 19:00,05F0055S,05F0287S,31,976,83
2023/10/15 19:00,05F0055S,05F0287S,32,969,28
2023/10/15 19:00,05F0055S,05F0287S,41,1031,2
2023/10/15 19:00,05F0055S,05F0287S,42,0,0
2023/10/15 19:00,05F0055S,05F0287S,5,0,0
2023/10/15 19:00,05F0287S,05F0309S,31,88,62
2023/10/15 19:00,05F0287S,05F0309S,32,86,18
2023/10/15 19:00,05F0287S,05F0309S,41,90,5
2023/10/15 19:00,05F0287S,05F0309S,42,0,0
2023/10/15 19:00,05F0287S,05F0309S,5,0,0
2023/10/15 19:00,05F0309S,05F0439S,31,474,44
2023/10/15 19:00,05F0309S,05F0439S,32,501,12
2023/10/15 19:00,05F0309S,05F0439S,41,538,7
2023/10/15 19:00,05F0309S,05F0439S,42,0,0
2023/10/15 19:00,05F0309S,05F0439S,5,480,2
2023/10/15 19:00,05F0439S,05F0494S,31,206,22
2023/10/15 19:00,05F0439S,05F0494S,32,208,8
2023/10/15 19:00,05F0439S,05F0494S,41,232,1
2023/10/15 19:00,05F0439S,05F0494S,42,277,1
2023/10/15 19:00,05F0439S,05F0494S,5,0,0
2023/10/15 19:05,05F0000S,05F0055S,31,240,70
2023/10/15 19:05,05F0000S,05F0055S,32,246,25
2023/10/15 19:05,05F0000S,05F0055S,41,244,11
2023/10/15 19:05,05F0000S,05F0055S,42,0,0
2023/10/15 19:05,05F0000S,05F0055S,5,0,0
2023/10/15 19:05,05F0055S,05F0287S,31,970,92
2023/10/15 19:05,05F0055S,05F0287S,32,971,14
2023/10/15 19:05,05F0055S,05F0287S,41,1018,8
2023/10/15 19:05,05F0055S,05F0287S,42,0,0
2023/10/15 19:05,05F0055S,05F0287S,5,0,0
2023/10/15 19:05,05F0287S,05F0309S,31,84,67
2023/10/15 19:05,05F0287S,05F0309S,32,86,10
2023/10/15 19:05,05F0287S,05F0309S,41,90,6
2023/10/15 19:05,05F0287S,05F0309S,42,0,0
2023/10/15 19:05,05F0287S,05F0309S,5,0,0
2023/10/15 19:05,05F0309S,05F0439S,31,477,36
2023/10/15 19:05,05F0309S,05F0439S,32,491,13
2023/10/15 19:05,05F0309S,05F0439S,41,534,5
2023/10/15 19:05,05F0309S,05F0439S,42,0,0
2023/10/15 19:05,05F0309S,05F0439S,5,0,0
2023/10/15 19:05,05F0439S,05F0494S,31,196,14
2023/10/15 19:05,05F0439S,05F0494S,32,225,3
2023/10/15 19:05,05F0439S,05F0494S,41,0,0
2023/10/15 19:05,05F0439S,05F0494S,42,0,0
2023/10/15 19:05,05F0439S,05F0494S,5,206,2
2023/10/15 19:10,05F0000S,05F0055S,31,242,73
2023/10/15 19:10,05F0000S,05F0055S,32,249,18
2023/10/15 19:10,05F0000S,05F0055S,41,256,5
2023/10/15 19:10,05F0000S,05F0055S,42,0,0
2023/10/15 19:10,05F0000S,05F0055S,5,0,0
2023/10/15 19:10,05F0055S,05F0287S,31,963,75
2023/10/15 19:10,05F0055S,05F0287S,32,968,13
2023/10/15 19:10,05F0055S,05F0287S,41,1011,9
2023/10/15 19:10,05F0055S,05F0287S,42,0,0
2023/10/15 19:10,05F0055S,05F0287S,5,0,0
2023/10/15 19:10,05F0287S,05F0309S,31,85,79
2023/10/15 19:10,05F0287S,05F0309S,32,84,15
2023/10/15 19:10,05F0287S,05F0309S,41,91,6
2023/10/15 19:10,05F0287S,05F0309S,42,0,0
2023/10/15 19:10,05F0287S,05F0309S,5,0,0
2023/10/15 19:10,05F0309S,05F0439S,31,490,42
2023/10/15 19:10,05F0309S,05F0439S,32,487,13
2023/10/15 19:10,05F0309S,05F0439S,41,1072,2
2023/10/15 19:10,05F0309S,05F0439S,42,0,0
2023/10/15 19:10,05F0309S,05F0439S,5,0,0
2023/10/15 19:10,05F0439S,05F0494S,31,206,13
2023/10/15 19:10,05F0439S,05F0494S,32,206,10
2023/10/15 19:10,05F0439S,05F0494S,41,0,0
2023/10/15 19:10,05F0439S,05F0494S,42,0,0
2023/10/15 19:10,05F0439S,05F0494S,5,0,0
2023/10/15 19:15,05F0000S,05F0055S,31,247,84
2023/10/15 19:15,05F0000S,05F0055S,32,236,15
2023/10/15 19:15,05F0000S,05F0055S,41,260,10
2023/10/15 19:15,05F0000S,05F0055S,42,0,0
2023/10/15 19:15,05F0000S,05F0055S,5,0,0
2023/10/15 19:15,05F0055S,05F0287S,31,962,74
2023/10/15 19:15,05F0055S,05F0287S,32,964,22
2023/10/15 19:15,05F0055S,05F0287S,41,1007,3
2023/10/15 19:15,05F0055S,05F0287S,42,0,0
2023/10/15 19:15,05F0055S,05F0287S,5,0,0
2023/10/15 19:15,05F0287S,05F0309S,31,86,50
2023/10/15 19:15,05F0287S,05F0309S,32,87,18
2023/10/15 19:15,05F0287S,05F0309S,41,92,3
2023/10/15 19:15,05F0287S,05F0309S,42,0,0
2023/10/15 19:15,05F0287S,05F0309S,5,0,0
2023/10/15 19:15,05F0309S,05F0439S,31,490,53
2023/10/15 19:15,05F0309S,05F0439S,32,454,6
2023/10/15 19:15,05F0309S,05F0439S,41,524,2
2023/10/15 19:15,05F0309S,05F0439S,42,0,0
2023/10/15 19:15,05F0309S,05F0439S,5,0,0
2023/10/15 19:15,05F0439S,05F0494S,31,208,21
2023/10/15 19:15,05F0439S,05F0494S,32,206,5
2023/10/15 19:15,05F0439S,05F0494S,41,0,0
2023/10/15 19:15,05F0439S,05F0494S,42,0,0
2023/10/15 19:15,05F0439S,05F0494S,5,224,1
2023/10/15 19:20,05F0000S,05F0055S,31,244,86
2023/10/15 19:20,05F0000S,05F0055S,32,250,13
2023/10/15 19:20,05F0000S,05F0055S,41,252,8
2023/10/15 19:20,05F0000S,05F0055S,42,0,0
2023/10/15 19:20,05F0000S,05F0055S,5,0,0
2023/10/15 19:20,05F0055S,05F0287S,31,966,83
2023/10/15 19:20,05F0055S,05F0287S,32,967,22
2023/10/15 19:20,05F0055S,05F0287S,41,1006,13
2023/10/15 19:20,05F0055S,05F0287S,42,0,0
2023/10/15 19:20,05F0055S,05F0287S,5,0,0
2023/10/15 19:20,05F0287S,05F0309S,31,86,71
2023/10/15 19:20,05F0287S,05F0309S,32,88,15
2023/10/15 19:20,05F0287S,05F0309S,41,93,10
2023/10/15 19:20,05F0287S,05F0309S,42,0,0
2023/10/15 19:20,05F0287S,05F0309S,5,0,0
2023/10/15 19:20,05F0309S,05F0439S,31,489,43
2023/10/15 19:20,05F0309S,05F0439S,32,489,10
2023/10/15 19:20,05F0309S,05F0439S,41,528,4
2023/10/15 19:20,05F0309S,05F0439S,42,0,0
2023/10/15 19:20,05F0309S,05F0439S,5,0,0
2023/10/15 19:20,05F0439S,05F0494S,31,207,18
2023/10/15 19:20,05F0439S,05F0494S,32,210,6
2023/10/15 19:20,05F0439S,05F0494S,41,224,1
2023/10/15 19:20,05F0439S,05F0494S,42,0,0
2023/10/15 19:20,05F0439S,05F0494S,5,0,0
2023/10/15 19:25,05F0000S,05F0055S,31,245,78
2023/10/15 19:25,05F0000S,05F0055S,32,250,15
2023/10/15 19:25,05F0000S,05F0055S,41,249,6
2023/10/15 19:25,05F0000S,05F0055S,42,0,0
2023/10/15 19:25,05F0000S,05F0055S,5,0,0
2023/10/15 19:25,05F0055S,05F0287S,31,978,82
2023/10/15 19:25,05F0055S,05F0287S,32,985,22
2023/10/15 19:25,05F0055S,05F0287S,41,1005,2
2023/10/15 19:25,05F0055S,05F0287S,42,0,0
2023/10/15 19:25,05F0055S,05F0287S,5,0,0
2023/10/15 19:25,05F0287S,05F0309S,31,87,55
2023/10/15 19:25,05F0287S,05F0309S,32,88,20
2023/10/15 19:25,05F0287S,05F0309S,41,90,3
2023/10/15 19:25,05F0287S,05F0309S,42,0,0
2023/10/15 19:25,05F0287S,05F0309S,5,0,0
2023/10/15 19:25,05F0309S,05F0439S,31,491,45
2023/10/15 19:25,05F0309S,05F0439S,32,492,9
2023/10/15 19:25,05F0309S,05F0439S,41,527,1
2023/10/15 19:25,05F0309S,05F0439S,42,0,0
2023/10/15 19:25,05F0309S,05F0439S,5,0,0
2023/10/15 19:25,05F0439S,05F0494S,31,212,11
2023/10/15 19:25,05F0439S,05F0494S,32,216,6
2023/10/15 19:25,05F0439S,05F0494S,41,0,0
2023/10/15 19:25,05F0439S,05F0494S,42,0,0
2023/10/15 19:25,05F0439S,05F0494S,5,0,0
2023/10/15 19:30,05F0000S,05F0055S,31,244,83
2023/10/15 19:30,05F0000S,05F0055S,32,248,17
2023/10/15 19:30,05F0000S,05F0055S,41,248,6
2023/10/15 19:30,05F0000S,05F0055S,42,0,0
2023/10/15 19:30,05F0000S,05F0055S,5,0,0
2023/10/15 19:30,05F0055S,05F0287S,31,972,97
2023/10/15 19:30,05F0055S,05F0287S,32,974,19
2023/10/15 19:30,05F0055S,05F0287S,41,1016,11
2023/10/15 19:30,05F0055S,05F0287S,42,0,0
2023/10/15 19:30,05F0055S,05F0287S,5,0,0
2023/10/15 19:30,05F0287S,05F0309S,31,89,80
2023/10/15 19:30,05F0287S,05F0309S,32,90,18
2023/10/15 19:30,05F0287S,05F0309S,41,93,7
2023/10/15 19:30,05F0287S,05F0309S,42,0,0
2023/10/15 19:30,05F0287S,05F0309S,5,0,0
2023/10/15 19:30,05F0309S,05F0439S,31,483,36
2023/10/15 19:30,05F0309S,05F0439S,32,500,14
2023/10/15 19:30,05F0309S,05F0439S,41,539,4
2023/10/15 19:30,05F0309S,05F0439S,42,530,1
2023/10/15 19:30,05F0309S,05F0439S,5,529,2
2023/10/15 19:30,05F0439S,05F0494S,31,197,18
2023/10/15 19:30,05F0439S,05F0494S,32,222,7
2023/10/15 19:30,05F0439S,05F0494S,41,0,0
2023/10/15 19:30,05F0439S,05F0494S,42,0,0
2023/10/15 19:30,05F0439S,05F0494S,5,0,0
2023/10/15 19:35,05F0000S,05F0055S,31,255,77
2023/10/15 19:35,05F0000S,05F0055S,32,256,12
2023/10/15 19:35,05F0000S,05F0055S,41,249,6
2023/10/15 19:35,05F0000S,05F0055S,42,0,0
2023/10/15 19:35,05F0000S,05F0055S,5,0,0
2023/10/15 19:35,05F0055S,05F0287S,31,981,88
2023/10/15 19:35,05F0055S,05F0287S,32,988,8
2023/10/15 19:35,05F0055S,05F0287S,41,1060,7
2023/10/15 19:35,05F0055S,05F0287S,42,0,0
2023/10/15 19:35,05F0055S,05F0287S,5,0,0
2023/10/15 19:35,05F0287S,05F0309S,31,86,76
2023/10/15 19:35,05F0287S,05F0309S,32,84,11
2023/10/15 19:35,05F0287S,05F0309S,41,90,8
2023/10/15 19:35,05F0287S,05F0309S,42,0,0
2023/10/15 19:35,05F0287S,05F0309S,5,0,0
2023/10/15 19:35,05F0309S,05F0439S,31,483,37
2023/10/15 19:35,05F0309S,05F0439S,32,503,16
2023/10/15 19:35,05F0309S,05F0439S,41,604,3
2023/10/15 19:35,05F0309S,05F0439S,42,0,0
2023/10/15 19:35,05F0309S,05F0439S,5,0,0
2023/10/15 19:35,05F0439S,05F0494S,31,195,14
2023/10/15 19:35,05F0439S,05F0494S,32,210,8
2023/10/15 19:35,05F0439S,05F0494S,41,0,0
2023/10/15 19:35,05F0439S,05F0494S,42,231,1
2023/10/15 19:35,05F0439S,05F0494S,5,0,0
2023/10/15 19:40,05F0000S,05F0055S,31,247,89
2023/10/15 19:40,05F0000S,05F0055S,32,253,17
2023/10/15 19:40,05F0000S,05F0055S,41,249,4
2023/10/15 19:40,05F0000S,05F0055S,42,0,0
2023/10/15 19:40,05F0000S,05F0055S,5,0,0
2023/10/15 19:40,05F0055S,05F0287S,31,986,80
2023/10/15 19:40,05F0055S,05F0287S,32,984,20
2023/10/15 19:40,05F0055S,05F0287S,41,1013,9
2023/10/15 19:40,05F0055S,05F0287S,42,0,0
2023/10/15 19:40,05F0055S,05F0287S,5,0,0
2023/10/15 19:40,05F0287S,05F0309S,31,88,73
2023/10/15 19:40,05F0287S,05F0309S,32,92,15
2023/10/15 19:40,05F0287S,05F0309S,41,91,6
2023/10/15 19:40,05F0287S,05F0309S,42,0,0
2023/10/15 19:40,05F0287S,05F0309S,5,0,0
2023/10/15 19:40,05F0309S,05F0439S,31,485,57
2023/10/15 19:40,05F0309S,05F0439S,32,496,11
2023/10/15 19:40,05F0309S,05F0439S,41,530,7
2023/10/15 19:40,05F0309S,05F0439S,42,0,0
2023/10/15 19:40,05F0309S,05F0439S,5,0,0
2023/10/15 19:40,05F0439S,05F0494S,31,205,15
2023/10/15 19:40,05F0439S,05F0494S,32,225,8
2023/10/15 19:40,05F0439S,05F0494S,41,466,1
2023/10/15 19:40,05F0439S,05F0494S,42,0,0
2023/10/15 19:40,05F0439S,05F0494S,5,0,0
2023/10/15 19:45,05F0000S,05F0055S,31,243,79
2023/10/15 19:45,05F0000S,05F0055S,32,239,21
2023/10/15 19:45,05F0000S,05F0055S,41,246,6
2023/10/15 19:45,05F0000S,05F0055S,42,0,0
2023/10/15 19:45,05F0000S,05F0055S,5,0,0
2023/10/15 19:45,05F0055S,05F0287S,31,976,83
2023/10/15 19:45,05F0055S,05F0287S,32,968,15
2023/10/15 19:45,05F0055S,05F0287S,41,990,4
2023/10/15 19:45,05F0055S,05F0287S,42,0,0
2023/10/15 19:45,05F0055S,05F0287S,5,0,0
2023/10/15 19:45,05F0287S,05F0309S,31,87,61
2023/10/15 19:45,05F0287S,05F0309S,32,86,14
2023/10/15 19:45,05F0287S,05F0309S,41,91,4
2023/10/15 19:45,05F0287S,05F0309S,42,0,0
2023/10/15 19:45,05F0287S,05F0309S,5,0,0
2023/10/15 19:45,05F0309S,05F0439S,31,467,43
2023/10/15 19:45,05F0309S,05F0439S,32,512,5
2023/10/15 19:45,05F0309S,05F0439S,41,510,7
2023/10/15 19:45,05F0309S,05F0439S,42,0,0
2023/10/15 19:45,05F0309S,05F0439S,5,498,1
2023/10/15 19:45,05F0439S,05F0494S,31,207,22
2023/10/15 19:45,05F0439S,05F0494S,32,211,2
2023/10/15 19:45,05F0439S,05F0494S,41,0,0
2023/10/15 19:45,05F0439S,05F0494S,42,0,0
2023/10/15 19:45,05F0439S,05F0494S,5,210,1
2023/10/15 19:50,05F0000S,05F0055S,31,237,66
2023/10/15 19:50,05F0000S,05F0055S,32,247,18
2023/10/15 19:50,05F0000S,05F0055S,41,238,8
2023/10/15 19:50,05F0000S,05F0055S,42,0,0
2023/10/15 19:50,05F0000S,05F0055S,5,0,0
2023/10/15 19:50,05F0055S,05F0287S,31,975,77
2023/10/15 19:50,05F0055S,05F0287S,32,978,14
2023/10/15 19:50,05F0055S,05F0287S,41,1011,5
2023/10/15 19:50,05F0055S,05F0287S,42,0,0
2023/10/15 19:50,05F0055S,05F0287S,5,0,0
2023/10/15 19:50,05F0287S,05F0309S,31,85,58
2023/10/15 19:50,05F0287S,05F0309S,32,85,12
2023/10/15 19:50,05F0287S,05F0309S,41,91,4
2023/10/15 19:50,05F0287S,05F0309S,42,0,0
2023/10/15 19:50,05F0287S,05F0309S,5,0,0
2023/10/15 19:50,05F0309S,05F0439S,31,474,40
2023/10/15 19:50,05F0309S,05F0439S,32,483,14
2023/10/15 19:50,05F0309S,05F0439S,41,526,5
2023/10/15 19:50,05F0309S,05F0439S,42,0,0
2023/10/15 19:50,05F0309S,05F0439S,5,0,0
2023/10/15 19:50,05F0439S,05F0494S,31,192,18
2023/10/15 19:50,05F0439S,05F0494S,32,198,3
2023/10/15 19:50,05F0439S,05F0494S,41,204,2
2023/10/15 19:50,05F0439S,05F0494S,42,0,0
2023/10/15 19:50,05F0439S,05F0494S,5,0,0
2023/10/15 19:55,05F0000S,05F0055S,31,242,62
2023/10/15 19:55,05F0000S,05F0055S,32,240,23
2023/10/15 19:55,05F0000S,05F0055S,41,245,7
2023/10/15 19:55,05F0000S,05F0055S,42,0,0
2023/10/15 19:55,05F0000S,05F0055S,5,0,0
2023/10/15 19:55,05F0055S,05F0287S,31,986,97
2023/10/15 19:55,05F0055S,05F0287S,32,1002,20
2023/10/15 19:55,05F0055S,05F0287S,41,1021,6
2023/10/15 19:55,05F0055S,05F0287S,42,0,0
2023/10/15 19:55,05F0055S,05F0287S,5,0,0
2023/10/15 19:55,05F0287S,05F0309S,31,87,76
2023/10/15 19:55,05F0287S,05F0309S,32,89,13
2023/10/15 19:55,05F0287S,05F0309S,41,96,5
2023/10/15 19:55,05F0287S,05F0309S,42,0,0
2023/10/15 19:55,05F0287S,05F0309S,5,0,0
2023/10/15 19:55,05F0309S,05F0439S,31,478,45
2023/10/15 19:55,05F0309S,05F0439S,32,481,16
2023/10/15 19:55,05F0309S,05F0439S,41,527,4
2023/10/15 19:55,05F0309S,05F0439S,42,561,1
2023/10/15 19:55,05F0309S,05F0439S,5,0,0
2023/10/15 19:55,05F0439S,05F0494S,31,204,21
2023/10/15 19:55,05F0439S,05F0494S,32,197,11
2023/10/15 19:55,05F0439S,05F0494S,41,0,0
2023/10/15 19:55,05F0439S,05F0494S,42,0,0
2023/10/15 19:55,05F0439S,05F0494S,5,0,0
2023/10/15 20:00,05F0000S,05F0055S,31,242,85
2023/10/15 20:00,05F0000S,05F0055S,32,244,25
2023/10/15 20:00,05F0000S,05F0055S,41,251,4
2023/10/15 20:00,05F0000S,05F0055S,42,265,1
2023/10/15 20:00,05F0000S,05F0055S,5,0,0
2023/10/15 20:00,05F0055S,05F0287S,31,983,110
2023/10/15 20:00,05F0055S,05F0287S,32,975,27
2023/10/15 20:00,05F0055S,05F0287S,41,1011,5
2023/10/15 20:00,05F0055S,05F0287S,42,0,0
2023/10/15 20:00,05F0055S,05F0287S,5,0,0
2023/10/15 20:00,05F0287S,05F0309S,31,87,76
2023/10/15 20:00,05F0287S,05F0309S,32,90,14
2023/10/15 20:00,05F0287S,05F0309S,41,90,4
2023/10/15 20:00,05F0287S,05F0309S,42,0,0
2023/10/15 20:00,05F0287S,05F0309S,5,0,0
2023/10/15 20:00,05F0309S,05F0439S,31,480,47
2023/10/15 20:00,05F0309S,05F0439S,32,498,10
2023/10/15 20:00,05F0309S,05F0439S,41,531,1
2023/10/15 20:00,05F0309S,05F0439S,42,0,0
2023/10/15 20:00,05F0309S,05F0439S,5,0,0
2023/10/15 20:00,05F0439S,05F0494S,31,206,32
2023/10/15 20:00,05F0439S,05F0494S,32,201,3
2023/10/15 20:00,05F0439S,05F0494S,41,0,0
2023/10/15 20:00,05F0439S,05F0494S,42,237,1
2023/10/15 20:00,05F0439S,05F0494S,5,0,0
2023/10/15 20:05,05F0000S,05F0055S,31,239,75
2023/10/15 20:05,05F0000S,05F0055S,32,247,21
2023/10/15 20:05,05F0000S,05F0055S,41,257,9
2023/10/15 20:05,05F0000S,05F0055S,42,0,0
2023/10/15 20:05,05F0000S,05F0055S,5,0,0
2023/10/15 20:05,05F0055S,05F0287S,31,963,70
2023/10/15 20:05,05F0055S,05F0287S,32,962,15
2023/10/15 20:05,05F0055S,05F0287S,41,1013,7
2023/10/15 20:05,05F0055S,05F0287S,42,0,0
2023/10/15 20:05,05F0055S,05F0287S,5,0,0
2023/10/15 20:05,05F0287S,05F0309S,31,85,71
2023/10/15 20:05,05F0287S,05F0309S,32,84,19
2023/10/15 20:05,05F0287S,05F0309S,41,92,7
2023/10/15 20:05,05F0287S,05F0309S,42,0,0
2023/10/15 20:05,05F0287S,05F0309S,5,0,0
2023/10/15 20:05,05F0309S,05F0439S,31,484,44
2023/10/15 20:05,05F0309S,05F0439S,32,508,12
2023/10/15 20:05,05F0309S,05F0439S,41,544,4
2023/10/15 20:05,05F0309S,05F0439S,42,0,0
2023/10/15 20:05,05F0309S,05F0439S,5,0,0
2023/10/15 20:05,05F0439S,05F0494S,31,201,20
2023/10/15 20:05,05F0439S,05F0494S,32,209,5
2023/10/15 20:05,05F0439S,05F0494S,41,0,0
2023/10/15 20:05,05F0439S,05F0494S,42,0,0
2023/10/15 20:05,05F0439S,05F0494S,5,0,0
2023/10/15 20:10,05F0000S,05F0055S,31,238,80
2023/10/15 20:10,05F0000S,05F0055S,32,238,20
2023/10/15 20:10,05F0000S,05F0055S,41,240,6
2023/10/15 20:10,05F0000S,05F0055S,42,0,0
2023/10/15 20:10,05F0000S,05F0055S,5,0,0
2023/10/15 20:10,05F0055S,05F0287S,31,962,48
2023/10/15 20:10,05F0055S,05F0287S,32,969,18
2023/10/15 20:10,05F0055S,05F0287S,41,983,6
2023/10/15 20:10,05F0055S,05F0287S,42,0,0
2023/10/15 20:10,05F0055S,05F0287S,5,0,0
2023/10/15 20:10,05F0287S,05F0309S,31,88,41
2023/10/15 20:10,05F0287S,05F0309S,32,89,11
2023/10/15 20:10,05F0287S,05F0309S,41,90,6
2023/10/15 20:10,05F0287S,05F0309S,42,0,0
2023/10/15 20:10,05F0287S,05F0309S,5,0,0
2023/10/15 20:10,05F0309S,05F0439S,31,474,59
2023/10/15 20:10,05F0309S,05F0439S,32,473,16
2023/10/15 20:10,05F0309S,05F0439S,41,528,3
2023/10/15 20:10,05F0309S,05F0439S,42,0,0
2023/10/15 20:10,05F0309S,05F0439S,5,516,1
2023/10/15 20:10,05F0439S,05F0494S,31,207,21
2023/10/15 20:10,05F0439S,05F0494S,32,210,6
2023/10/15 20:10,05F0439S,05F0494S,41,0,0
2023/10/15 20:10,05F0439S,05F0494S,42,0,0
2023/10/15 20:10,05F0439S,05F0494S,5,211,1
2023/10/15 20:15,05F0000S,05F0055S,31,237,74
2023/10/15 20:15,05F0000S,05F0055S,32,242,18
2023/10/15 20:15,05F0000S,05F0055S,41,246,7
2023/10/15 20:15,05F0000S,05F0055S,42,0,0
2023/10/15 20:15,05F0000S,05F0055S,5,0,0
2023/10/15 20:15,05F0055S,05F0287S,31,981,84
2023/10/15 20:15,05F0055S,05F0287S,32,979,30
2023/10/15 20:15,05F0055S,05F0287S,41,1023,7
2023/10/15 20:15,05F0055S,05F0287S,42,1030,1
2023/10/15 20:15,05F0055S,05F0287S,5,0,0
2023/10/15 20:15,05F0287S,05F0309S,31,84,59
2023/10/15 20:15,05F0287S,05F0309S,32,85,19
2023/10/15 20:15,05F0287S,05F0309S,41,93,6
2023/10/15 20:15,05F0287S,05F0309S,42,91,1
2023/10/15 20:15,05F0287S,05F0309S,5,0,0
2023/10/15 20:15,05F0309S,05F0439S,31,484,39
2023/10/15 20:15,05F0309S,05F0439S,32,467,6
2023/10/15 20:15,05F0309S,05F0439S,41,517,4
2023/10/15 20:15,05F0309S,05F0439S,42,0,0
2023/10/15 20:15,05F0309S,05F0439S,5,0,0
2023/10/15 20:15,05F0439S,05F0494S,31,198,22
2023/10/15 20:15,05F0439S,05F0494S,32,192,8
2023/10/15 20:15,05F0439S,05F0494S,41,247,1
2023/10/15 20:15,05F0439S,05F0494S,42,0,0
2023/10/15 20:15,05F0439S,05F0494S,5,0,0
2023/10/15 20:20,05F0000S,05F0055S,31,241,89
2023/10/15 20:20,05F0000S,05F0055S,32,242,21
2023/10/15 20:20,05F0000S,05F0055S,41,248,5
2023/10/15 20:20,05F0000S,05F0055S,42,0,0
2023/10/15 20:20,05F0000S,05F0055S,5,0,0
2023/10/15 20:20,05F0055S,05F0287S,31,968,83
2023/10/15 20:20,05F0055S,05F0287S,32,964,14
2023/10/15 20:20,05F0055S,05F0287S,41,1024,6
2023/10/15 20:20,05F0055S,05F0287S,42,0,0
2023/10/15 20:20,05F0055S,05F0287S,5,0,0
2023/10/15 20:20,05F0287S,05F0309S,31,87,76
2023/10/15 20:20,05F0287S,05F0309S,32,88,15
2023/10/15 20:20,05F0287S,05F0309S,41,91,4
2023/10/15 20:20,05F0287S,05F0309S,42,0,0
2023/10/15 20:20,05F0287S,05F0309S,5,0,0
2023/10/15 20:20,05F0309S,05F0439S,31,497,24
2023/10/15 20:20,05F0309S,05F0439S,32,489,8
2023/10/15 20:20,05F0309S,05F0439S,41,503,3
2023/10/15 20:20,05F0309S,05F0439S,42,0,0
2023/10/15 20:20,05F0309S,05F0439S,5,517,2
2023/10/15 20:20,05F0439S,05F0494S,31,211,20
2023/10/15 20:20,05F0439S,05F0494S,32,217,2
2023/10/15 20:20,05F0439S,05F0494S,41,0,0
2023/10/15 20:20,05F0439S,05F0494S,42,0,0
2023/10/15 20:20,05F0439S,05F0494S,5,212,1
2023/10/15 20:25,05F0000S,05F0055S,31,241,102
2023/10/15 20:25,05F0000S,05F0055S,32,237,16
2023/10/15 20:25,05F0000S,05F0055S,41,240,5
2023/10/15 20:25,05F0000S,05F0055S,42,0,0
2023/10/15 20:25,05F0000S,05F0055S,5,0,0
2023/10/15 20:25,05F0055S,05F0287S,31,991,97
2023/10/15 20:25,05F0055S,05F0287S,32,991,25
2023/10/15 20:25,05F0055S,05F0287S,41,1079,7
2023/10/15 20:25,05F0055S,05F0287S,42,0,0
2023/10/15 20:25,05F0055S,05F0287S,5,0,0
2023/10/15 20:25,05F0287S,05F0309S,31,86,45
2023/10/15 20:25,05F0287S,05F0309S,32,86,13
2023/10/15 20:25,05F0287S,05F0309S,41,93,3
2023/10/15 20:25,05F0287S,05F0309S,42,0,0
2023/10/15 20:25,05F0287S,05F0309S,5,0,0
2023/10/15 20:25,05F0309S,05F0439S,31,479,51
2023/10/15 20:25,05F0309S,05F0439S,32,502,17
2023/10/15 20:25,05F0309S,05F0439S,41,523,4
2023/10/15 20:25,05F0309S,05F0439S,42,521,1
2023/10/15 20:25,05F0309S,05F0439S,5,0,0
2023/10/15 20:25,05F0439S,05F0494S,31,205,22
2023/10/15 20:25,05F0439S,05F0494S,32,217,5
2023/10/15 20:25,05F0439S,05F0494S,41,0,0
2023/10/15 20:25,05F0439S,05F0494S,42,0,0
2023/10/15 20:25,05F0439S,05F0494S,5,0,0
2023/10/15 20:30,05F0000S,05F0055S,31,240,85
2023/10/15 20:30,05F0000S,05F0055S,32,240,13
2023/10/15 20:30,05F0000S,05F0055S,41,241,9
2023/10/15 20:30,05F0000S,05F0055S,42,0,0
2023/10/15 20:30,05F0000S,05F0055S,5,0,0
2023/10/15 20:30,05F0055S,05F0287S,31,950,77
2023/10/15 20:30,05F0055S,05F0287S,32,962,17
2023/10/15 20:30,05F0055S,05F0287S,41,982,8
2023/10/15 20:30,05F0055S,05F0287S,42,0,0
2023/10/15 20:30,05F0055S,05F0287S,5,0,0
2023/10/15 20:30,05F0287S,05F0309S,31,86,80
2023/10/15 20:30,05F0287S,05F0309S,32,89,15
2023/10/15 20:30,05F0287S,05F0309S,41,91,6
2023/10/15 20:30,05F0287S,05F0309S,42,0,0
2023/10/15 20:30,05F0287S,05F0309S,5,0,0
2023/10/15 20:30,05F0309S,05F0439S,31,485,35
2023/10/15 20:30,05F0309S,05F0439S,32,502,11
2023/10/15 20:30,05F0309S,05F0439S,41,524,4
2023/10/15 20:30,05F0309S,05F0439S,42,0,0
2023/10/15 20:30,05F0309S,05F0439S,5,0,0
2023/10/15 20:30,05F0439S,05F0494S,31,194,23
2023/10/15 20:30,05F0439S,05F0494S,32,207,4
2023/10/15 20:30,05F0439S,05F0494S,41,360,2
2023/10/15 20:30,05F0439S,05F0494S,42,0,0
2023/10/15 20:30,05F0439S,05F0494S,5,0,0
2023/10/15 20:35,05F0000S,05F0055S,31,243,76
2023/10/15 20:35,05F0000S,05F0055S,32,237,14
2023/10/15 20:35,05F0000S,05F0055S,41,246,5
2023/10/15 20:35,05F0000S,05F0055S,42,0,0
2023/10/15 20:35,05F0000S,05F0055S,5,0,0
2023/10/15 20:35,05F0055S,05F0287S,31,970,91
2023/10/15 20:35,05F0055S,05F0287S,32,983,21
2023/10/15 20:35,05F0055S,05F0287S,41,968,3
2023/10/15 20:35,05F0055S,05F0287S,42,0,0
2023/10/15 20:35,05F0055S,05F0287S,5,0,0
2023/10/15 20:35,05F0287S,05F0309S,31,88,58
2023/10/15 20:35,05F0287S,05F0309S,32,89,19
2023/10/15 20:35,05F0287S,05F0309S,41,92,7
2023/10/15 20:35,05F0287S,05F0309S,42,0,0
2023/10/15 20:35,05F0287S,05F0309S,5,0,0
2023/10/15 20:35,05F0309S,05F0439S,31,446,43
2023/10/15 20:35,05F0309S,05F0439S,32,474,8
2023/10/15 20:35,05F0309S,05F0439S,41,489,2
2023/10/15 20:35,05F0309S,05F0439S,42,535,3
2023/10/15 20:35,05F0309S,05F0439S,5,0,0
2023/10/15 20:35,05F0439S,05F0494S,31,201,22
2023/10/15 20:35,05F0439S,05F0494S,32,641,2
2023/10/15 20:35,05F0439S,05F0494S,41,0,0
2023/10/15 20:35,05F0439S,05F0494S,42,0,0
2023/10/15 20:35,05F0439S,05F0494S,5,0,0
2023/10/15 20:40,05F0000S,05F0055S,31,243,82
2023/10/15 20:40,05F0000S,05F0055S,32,239,12
2023/10/15 20:40,05F0000S,05F0055S,41,242,6
2023/10/15 20:40,05F0000S,05F0055S,42,0,0
2023/10/15 20:40,05F0000S,05F0055S,5,0,0
2023/10/15 20:40,05F0055S,05F0287S,31,967,106
2023/10/15 20:40,05F0055S,05F0287S,32,982,20
2023/10/15 20:40,05F0055S,05F0287S,41,1034,4
2023/10/15 20:40,05F0055S,05F0287S,42,0,0
2023/10/15 20:40,05F0055S,05F0287S,5,0,0
2023/10/15 20:40,05F0287S,05F0309S,31,87,101
2023/10/15 20:40,05F0287S,05F0309S,32,89,16
2023/10/15 20:40,05F0287S,05F0309S,41,90,6
2023/10/15 20:40,05F0287S,05F0309S,42,0,0
2023/10/15 20:40,05F0287S,05F0309S,5,0,0
2023/10/15 20:40,05F0309S,05F0439S,31,489,32
2023/10/15 20:40,05F0309S,05F0439S,32,448,3
2023/10/15 20:40,05F0309S,05F0439S,41,500,3
2023/10/15 20:40,05F0309S,05F0439S,42,0,0
2023/10/15 20:40,05F0309S,05F0439S,5,0,0
2023/10/15 20:40,05F0439S,05F0494S,31,197,25
2023/10/15 20:40,05F0439S,05F0494S,32,199,2
2023/10/15 20:40,05F0439S,05F0494S,41,0,0
2023/10/15 20:40,05F0439S,05F0494S,42,226,1
2023/10/15 20:40,05F0439S,05F0494S,5,0,0
2023/10/15 20:45,05F0000S,05F0055S,31,257,91
2023/10/15 20:45,05F0000S,05F0055S,32,262,17
2023/10/15 20:45,05F0000S,05F0055S,41,270,9
2023/10/15 20:45,05F0000S,05F0055S,42,0,0
2023/10/15 20:45,05F0000S,05F0055S,5,0,0
2023/10/15 20:45,05F0055S,05F0287S,31,969,81
2023/10/15 20:45,05F0055S,05F0287S,32,967,14
2023/10/15 20:45,05F0055S,05F0287S,41,1032,8
2023/10/15 20:45,05F0055S,05F0287S,42,0,0
2023/10/15 20:45,05F0055S,05F0287S,5,0,0
2023/10/15 20:45,05F0287S,05F0309S,31,84,75
2023/10/15 20:45,05F0287S,05F0309S,32,80,12
2023/10/15 20:45,05F0287S,05F0309S,41,83,6
2023/10/15 20:45,05F0287S,05F0309S,42,0,0
2023/10/15 20:45,05F0287S,05F0309S,5,0,0
2023/10/15 20:45,05F0309S,05F0439S,31,480,49
2023/10/15 20:45,05F0309S,05F0439S,32,510,16
2023/10/15 20:45,05F0309S,05F0439S,41,540,4
2023/10/15 20:45,05F0309S,05F0439S,42,0,0
2023/10/15 20:45,05F0309S,05F0439S,5,0,0
2023/10/15 20:45,05F0439S,05F0494S,31,203,21
2023/10/15 20:45,05F0439S,05F0494S,32,219,5
2023/10/15 20:45,05F0439S,05F0494S,41,0,0
2023/10/15 20:45,05F0439S,05F0494S,42,0,0
2023/10/15 20:45,05F0439S,05F0494S,5,0,0
2023/10/15 20:50,05F0000S,05F0055S,31,251,77
2023/10/15 20:50,05F0000S,05F0055S,32,252,21
2023/10/15 20:50,05F0000S,05F0055S,41,271,8
2023/10/15 20:50,05F0000S,05F0055S,42,0,0
2023/10/15 20:50,05F0000S,05F0055S,5,0,0
2023/10/15 20:50,05F0055S,05F0287S,31,999,86
2023/10/15 20:50,05F0055S,05F0287S,32,987,17
2023/10/15 20:50,05F0055S,05F0287S,41,1062,8
2023/10/15 20:50,05F0055S,05F0287S,42,0,0
2023/10/15 20:50,05F0055S,05F0287S,5,0,0
2023/10/15 20:50,05F0287S,05F0309S,31,87,73
2023/10/15 20:50,05F0287S,05F0309S,32,87,18
2023/10/15 20:50,05F0287S,05F0309S,41,90,7
2023/10/15 20:50,05F0287S,05F0309S,42,0,0
2023/10/15 20:50,05F0287S,05F0309S,5,0,0
2023/10/15 20:50,05F0309S,05F0439S,31,471,57
2023/10/15 20:50,05F0309S,05F0439S,32,471,13
2023/10/15 20:50,05F0309S,05F0439S,41,495,4
2023/10/15 20:50,05F0309S,05F0439S,42,614,2
2023/10/15 20:50,05F0309S,05F0439S,5,0,0
2023/10/15 20:50,05F0439S,05F0494S,31,205,28
2023/10/15 20:50,05F0439S,05F0494S,32,208,7
2023/10/15 20:50,05F0439S,05F0494S,41,0,0
2023/10/15 20:50,05F0439S,05F0494S,42,0,0
2023/10/15 20:50,05F0439S,05F0494S,5,0,0
2023/10/15 20:55,05F0000S,05F0055S,31,248,77
2023/10/15 20:55,05F0000S,05F0055S,32,244,18
2023/10/15 20:55,05F0000S,05F0055S,41,246,9
2023/10/15 20:55,05F0000S,05F0055S,42,0,0
2023/10/15 20:55,05F0000S,05F0055S,5,0,0
2023/10/15 20:55,05F0055S,05F0287S,31,991,100
2023/10/15 20:55,05F0055S,05F0287S,32,1017,17
2023/10/15 20:55,05F0055S,05F0287S,41,1025,7
2023/10/15 20:55,05F0055S,05F0287S,42,0,0
2023/10/15 20:55,05F0055S,05F0287S,5,0,0
2023/10/15 20:55,05F0287S,05F0309S,31,86,61
2023/10/15 20:55,05F0287S,05F0309S,32,90,8
2023/10/15 20:55,05F0287S,05F0309S,41,92,4
2023/10/15 20:55,05F0287S,05F0309S,42,0,0
2023/10/15 20:55,05F0287S,05F0309S,5,0,0
2023/10/15 20:55,05F0309S,05F0439S,31,486,41
2023/10/15 20:55,05F0309S,05F0439S,32,456,6
2023/10/15 20:55,05F0309S,05F0439S,41,527,2
2023/10/15 20:55,05F0309S,05F0439S,42,637,2
2023/10/15 20:55,05F0309S,05F0439S,5,0,0
2023/10/15 20:55,05F0439S,05F0494S,31,197,26
2023/10/15 20:55,05F0439S,05F0494S,32,206,3
2023/10/15 20:55,05F0439S,05F0494S,41,202,1
2023/10/15 20:55,05F0439S,05F0494S,42,276,2
2023/10/15 20:55,05F0439S,05F0494S,5,0,0
2023/10/15 21:00,05F0000S,05F0055S,31,240,78
2023/10/15 21:00,05F0000S,05F0055S,32,247,25
2023/10/15 21:00,05F0000S,05F0055S,41,234,4
2023/10/15 21:00,05F0000S,05F0055S,42,0,0
2023/10/15 21:00,05F0000S,05F0055S,5,0,0
2023/10/15 21:00,05F0055S,05F0287S,31,996,77
2023/10/15 21:00,05F0055S,05F0287S,32,997,13
2023/10/15 21:00,05F0055S,05F0287S,41,1037,5
2023/10/15 21:00,05F0055S,05F0287S,42,0,0
2023/10/15 21:00,05F0055S,05F0287S,5,0,0
2023/10/15 21:00,05F0287S,05F0309S,31,86,71
2023/10/15 21:00,05F0287S,05F0309S,32,86,11
2023/10/15 21:00,05F0287S,05F0309S,41,88,6
2023/10/15 21:00,05F0287S,05F0309S,42,0,0
2023/10/15 21:00,05F0287S,05F0309S,5,0,0
2023/10/15 21:00,05F0309S,05F0439S,31,484,40
2023/10/15 21:00,05F0309S,05F0439S,32,500,11
2023/10/15 21:00,05F0309S,05F0439S,41,527,4
2023/10/15 21:00,05F0309S,05F0439S,42,0,0
2023/10/15 21:00,05F0309S,05F0439S,5,0,0
2023/10/15 21:00,05F0439S,05F0494S,31,208,17
2023/10/15 21:00,05F0439S,05F0494S,32,176,3
2023/10/15 21:00,05F0439S,05F0494S,41,0,0
2023/10/15 21:00,05F0439S,05F0494S,42,0,0
2023/10/15 21:00,05F0439S,05F0494S,5,0,0
2023/10/15 21:05,05F0000S,05F0055S,31,236,65
2023/10/15 21:05,05F0000S,05F0055S,32,240,14
2023/10/15 21:05,05F0000S,05F0055S,41,259,9
2023/10/15 21:05,05F0000S,05F0055S,42,0,0
2023/10/15 21:05,05F0000S,05F0055S,5,0,0
2023/10/15 21:05,05F0055S,05F0287S,31,989,88
2023/10/15 21:05,05F0055S,05F0287S,32,978,15
2023/10/15 21:05,05F0055S,05F0287S,41,1045,11
2023/10/15 21:05,05F0055S,05F0287S,42,0,0
2023/10/15 21:05,05F0055S,05F0287S,5,0,0
2023/10/15 21:05,05F0287S,05F0309S,31,88,63
2023/10/15 21:05,05F0287S,05F0309S,32,90,16
2023/10/15 21:05,05F0287S,05F0309S,41,90,8
2023/10/15 21:05,05F0287S,05F0309S,42,0,0
2023/10/15 21:05,05F0287S,05F0309S,5,0,0
2023/10/15 21:05,05F0309S,05F0439S,31,502,43
2023/10/15 21:05,05F0309S,05F0439S,32,503,6
2023/10/15 21:05,05F0309S,05F0439S,41,525,4
2023/10/15 21:05,05F0309S,05F0439S,42,510,1
2023/10/15 21:05,05F0309S,05F0439S,5,566,1
2023/10/15 21:05,05F0439S,05F0494S,31,195,13
2023/10/15 21:05,05F0439S,05F0494S,32,228,4
2023/10/15 21:05,05F0439S,05F0494S,41,0,0
2023/10/15 21:05,05F0439S,05F0494S,42,0,0
2023/10/15 21:05,05F0439S,05F0494S,5,241,1
2023/10/15 21:10,05F0000S,05F0055S,31,236,65
2023/10/15 21:10,05F0000S,05F0055S,32,236,16
2023/10/15 21:10,05F0000S,05F0055S,41,239,5
2023/10/15 21:10,05F0000S,05F0055S,42,0,0
2023/10/15 21:10,05F0000S,05F0055S,5,0,0
2023/10/15 21:10,05F0055S,05F0287S,31,991,92
2023/10/15 21:10,05F0055S,05F0287S,32,993,24
2023/10/15 21:10,05F0055S,05F0287S,41,1044,12
2023/10/15 21:10,05F0055S,05F0287S,42,0,0
2023/10/15 21:10,05F0055S,05F0287S,5,0,0
2023/10/15 21:10,05F0287S,05F0309S,31,84,68
2023/10/15 21:10,05F0287S,05F0309S,32,89,20
2023/10/15 21:10,05F0287S,05F0309S,41,91,7
2023/10/15 21:10,05F0287S,05F0309S,42,0,0
2023/10/15 21:10,05F0287S,05F0309S,5,0,0
2023/10/15 21:10,05F0309S,05F0439S,31,459,44
2023/10/15 21:10,05F0309S,05F0439S,32,509,8
2023/10/15 21:10,05F0309S,05F0439S,41,524,2
2023/10/15 21:10,05F0309S,05F0439S,42,0,0
2023/10/15 21:10,05F0309S,05F0439S,5,522,1
2023/10/15 21:10,05F0439S,05F0494S,31,200,26
2023/10/15 21:10,05F0439S,05F0494S,32,221,1
2023/10/15 21:10,05F0439S,05F0494S,41,0,0
2023/10/15 21:10,05F0439S,05F0494S,42,0,0
2023/10/15 21:10,05F0439S,05F0494S,5,222,1
2023/10/15 21:15,05F0000S,05F0055S,31,234,77
2023/10/15 21:15,05F0000S,05F0055S,32,235,11
2023/10/15 21:15,05F0000S,05F0055S,41,246,6
2023/10/15 21:15,05F0000S,05F0055S,42,0,0
2023/10/15 21:15,05F0000S,05F0055S,5,0,0
2023/10/15 21:15,05F0055S,05F0287S,31,958,83
2023/10/15 21:15,05F0055S,05F0287S,32,957,23
2023/10/15 21:15,05F0055S,05F0287S,41,993,4
2023/10/15 21:15,05F0055S,05F0287S,42,0,0
2023/10/15 21:15,05F0055S,05F0287S,5,0,0
2023/10/15 21:15,05F0287S,05F0309S,31,85,72
2023/10/15 21:15,05F0287S,05F0309S,32,84,14
2023/10/15 21:15,05F0287S,05F0309S,41,89,9
2023/10/15 21:15,05F0287S,05F0309S,42,0,0
2023/10/15 21:15,05F0287S,05F0309S,5,0,0
2023/10/15 21:15,05F0309S,05F0439S,31,483,47
2023/10/15 21:15,05F0309S,05F0439S,32,506,9
2023/10/15 21:15,05F0309S,05F0439S,41,526,3
2023/10/15 21:15,05F0309S,05F0439S,42,551,3
2023/10/15 21:15,05F0309S,05F0439S,5,0,0
2023/10/15 21:15,05F0439S,05F0494S,31,195,20
2023/10/15 21:15,05F0439S,05F0494S,32,223,3
2023/10/15 21:15,05F0439S,05F0494S,41,0,0
2023/10/15 21:15,05F0439S,05F0494S,42,214,1
2023/10/15 21:15,05F0439S,05F0494S,5,0,0
2023/10/15 21:20,05F0000S,05F0055S,31,238,75
2023/10/15 21:20,05F0000S,05F0055S,32,239,12
2023/10/15 21:20,05F0000S,05F0055S,41,249,4
2023/10/15 21:20,05F0000S,05F0055S,42,0,0
2023/10/15 21:20,05F0000S,05F0055S,5,0,0
2023/10/15 21:20,05F0055S,05F0287S,31,966,55
2023/10/15 21:20,05F0055S,05F0287S,32,974,14
2023/10/15 21:20,05F0055S,05F0287S,41,1127,5
2023/10/15 21:20,05F0055S,05F0287S,42,0,0
2023/10/15 21:20,05F0055S,05F0287S,5,0,0
2023/10/15 21:20,05F0287S,05F0309S,31,84,50
2023/10/15 21:20,05F0287S,05F0309S,32,87,15
2023/10/15 21:20,05F0287S,05F0309S,41,0,0
2023/10/15 21:20,05F0287S,05F0309S,42,0,0
2023/10/15 21:20,05F0287S,05F0309S,5,0,0
2023/10/15 21:20,05F0309S,05F0439S,31,476,48
2023/10/15 21:20,05F0309S,05F0439S,32,483,10
2023/10/15 21:20,05F0309S,05F0439S,41,541,5
2023/10/15 21:20,05F0309S,05F0439S,42,581,2
2023/10/15 21:20,05F0309S,05F0439S,5,0,0
2023/10/15 21:20,05F0439S,05F0494S,31,191,25
2023/10/15 21:20,05F0439S,05F0494S,32,212,8
2023/10/15 21:20,05F0439S,05F0494S,41,228,1
2023/10/15 21:20,05F0439S,05F0494S,42,205,2
2023/10/15 21:20,05F0439S,05F0494S,5,0,0
2023/10/15 21:25,05F0000S,05F0055S,31,234,76
2023/10/15 21:25,05F0000S,05F0055S,32,233,11
2023/10/15 21:25,05F0000S,05F0055S,41,234,3
2023/10/15 21:25,05F0000S,05F0055S,42,0,0
2023/10/15 21:25,05F0000S,05F0055S,5,0,0
2023/10/15 21:25,05F0055S,05F0287S,31,969,87
2023/10/15 21:25,05F0055S,05F0287S,32,968,20
2023/10/15 21:25,05F0055S,05F0287S,41,1006,9
2023/10/15 21:25,05F0055S,05F0287S,42,0,0
2023/10/15 21:25,05F0055S,05F0287S,5,0,0
2023/10/15 21:25,05F0287S,05F0309S,31,86,52
2023/10/15 21:25,05F0287S,05F0309S,32,86,10
2023/10/15 21:25,05F0287S,05F0309S,41,93,9
2023/10/15 21:25,05F0287S,05F0309S,42,0,0
2023/10/15 21:25,05F0287S,05F0309S,5,0,0
2023/10/15 21:25,05F0309S,05F0439S,31,481,42
2023/10/15 21:25,05F0309S,05F0439S,32,477,12
2023/10/15 21:25,05F0309S,05F0439S,41,561,3
2023/10/15 21:25,05F0309S,05F0439S,42,0,0
2023/10/15 21:25,05F0309S,05F0439S,5,503,1
2023/10/15 21:25,05F0439S,05F0494S,31,205,13
2023/10/15 21:25,05F0439S,05F0494S,32,212,4
2023/10/15 21:25,05F0439S,05F0494S,41,245,1
2023/10/15 21:25,05F0439S,05F0494S,42,0,0
2023/10/15 21:25,05F0439S,05F0494S,5,0,0
2023/10/15 21:30,05F0000S,05F0055S,31,241,64
2023/10/15 21:30,05F0000S,05F0055S,32,243,17
2023/10/15 21:30,05F0000S,05F0055S,41,242,2
2023/10/15 21:30,05F0000S,05F0055S,42,0,0
2023/10/15 21:30,05F0000S,05F0055S,5,0,0
2023/10/15 21:30,05F0055S,05F0287S,31,950,72
2023/10/15 21:30,05F0055S,05F0287S,32,956,19
2023/10/15 21:30,05F0055S,05F0287S,41,1009,3
2023/10/15 21:30,05F0055S,05F0287S,42,0,0
2023/10/15 21:30,05F0055S,05F0287S,5,0,0
2023/10/15 21:30,05F0287S,05F0309S,31,84,60
2023/10/15 21:30,05F0287S,05F0309S,32,86,13
2023/10/15 21:30,05F0287S,05F0309S,41,90,4
2023/10/15 21:30,05F0287S,05F0309S,42,0,0
2023/10/15 21:30,05F0287S,05F0309S,5,0,0
2023/10/15 21:30,05F0309S,05F0439S,31,467,28
2023/10/15 21:30,05F0309S,05F0439S,32,474,3
2023/10/15 21:30,05F0309S,05F0439S,41,0,0
2023/10/15 21:30,05F0309S,05F0439S,42,473,2
2023/10/15 21:30,05F0309S,05F0439S,5,0,0
2023/10/15 21:30,05F0439S,05F0494S,31,200,14
2023/10/15 21:30,05F0439S,05F0494S,32,211,5
2023/10/15 21:30,05F0439S,05F0494S,41,0,0
2023/10/15 21:30,05F0439S,05F0494S,42,0,0
2023/10/15 21:30,05F0439S,05F0494S,5,208,1
2023/10/15 21:35,05F0000S,05F0055S,31,234,71
2023/10/15 21:35,05F0000S,05F0055S,32,238,14
2023/10/15 21:35,05F0000S,05F0055S,41,249,6
2023/10/15 21:35,05F0000S,05F0055S,42,0,0
2023/10/15 21:35,05F0000S,05F0055S,5,0,0
2023/10/15 21:35,05F0055S,05F0287S,31,970,86
2023/10/15 21:35,05F0055S,05F0287S,32,962,12
2023/10/15 21:35,05F0055S,05F0287S,41,1005,6
2023/10/15 21:35,05F0055S,05F0287S,42,0,0
2023/10/15 21:35,05F0055S,05F0287S,5,0,0
2023/10/15 21:35,05F0287S,05F0309S,31,84,64
2023/10/15 21:35,05F0287S,05F0309S,32,85,12
2023/10/15 21:35,05F0287S,05F0309S,41,93,7
2023/10/15 21:35,05F0287S,05F0309S,42,0,0
2023/10/15 21:35,05F0287S,05F0309S,5,0,0
2023/10/15 21:35,05F0309S,05F0439S,31,474,37
2023/10/15 21:35,05F0309S,05F0439S,32,499,7
2023/10/15 21:35,05F0309S,05F0439S,41,528,7
2023/10/15 21:35,05F0309S,05F0439S,42,0,0
2023/10/15 21:35,05F0309S,05F0439S,5,0,0
2023/10/15 21:35,05F0439S,05F0494S,31,186,17
2023/10/15 21:35,05F0439S,05F0494S,32,186,2
2023/10/15 21:35,05F0439S,05F0494S,41,213,3
2023/10/15 21:35,05F0439S,05F0494S,42,201,2
2023/10/15 21:35,05F0439S,05F0494S,5,0,0
2023/10/15 21:40,05F0000S,05F0055S,31,234,64
2023/10/15 21:40,05F0000S,05F0055S,32,234,18
2023/10/15 21:40,05F0000S,05F0055S,41,245,2
2023/10/15 21:40,05F0000S,05F0055S,42,0,0
2023/10/15 21:40,05F0000S,05F0055S,5,0,0
2023/10/15 21:40,05F0055S,05F0287S,31,945,78
2023/10/15 21:40,05F0055S,05F0287S,32,943,12
2023/10/15 21:40,05F0055S,05F0287S,41,1003,5
2023/10/15 21:40,05F0055S,05F0287S,42,0,0
2023/10/15 21:40,05F0055S,05F0287S,5,0,0
2023/10/15 21:40,05F0287S,05F0309S,31,84,63
2023/10/15 21:40,05F0287S,05F0309S,32,83,13
2023/10/15 21:40,05F0287S,05F0309S,41,92,3
2023/10/15 21:40,05F0287S,05F0309S,42,0,0
2023/10/15 21:40,05F0287S,05F0309S,5,0,0
2023/10/15 21:40,05F0309S,05F0439S,31,480,34
2023/10/15 21:40,05F0309S,05F0439S,32,490,9
2023/10/15 21:40,05F0309S,05F0439S,41,558,2
2023/10/15 21:40,05F0309S,05F0439S,42,564,1
2023/10/15 21:40,05F0309S,05F0439S,5,0,0
2023/10/15 21:40,05F0439S,05F0494S,31,205,18
2023/10/15 21:40,05F0439S,05F0494S,32,217,4
2023/10/15 21:40,05F0439S,05F0494S,41,0,0
2023/10/15 21:40,05F0439S,05F0494S,42,0,0
2023/10/15 21:40,05F0439S,05F0494S,5,0,0
2023/10/15 21:45,05F0000S,05F0055S,31,239,64
2023/10/15 21:45,05F0000S,05F0055S,32,238,13
2023/10/15 21:45,05F0000S,05F0055S,41,234,7
2023/10/15 21:45,05F0000S,05F0055S,42,0,0
2023/10/15 21:45,05F0000S,05F0055S,5,0,0
2023/10/15 21:45,05F0055S,05F0287S,31,953,53
2023/10/15 21:45,05F0055S,05F0287S,32,961,15
2023/10/15 21:45,05F0055S,05F0287S,41,961,1
2023/10/15 21:45,05F0055S,05F0287S,42,0,0
2023/10/15 21:45,05F0055S,05F0287S,5,0,0
2023/10/15 21:45,05F0287S,05F0309S,31,84,62
2023/10/15 21:45,05F0287S,05F0309S,32,88,10
2023/10/15 21:45,05F0287S,05F0309S,41,92,4
2023/10/15 21:45,05F0287S,05F0309S,42,0,0
2023/10/15 21:45,05F0287S,05F0309S,5,0,0
2023/10/15 21:45,05F0309S,05F0439S,31,479,45
2023/10/15 21:45,05F0309S,05F0439S,32,483,10
2023/10/15 21:45,05F0309S,05F0439S,41,525,4
2023/10/15 21:45,05F0309S,05F0439S,42,0,0
2023/10/15 21:45,05F0309S,05F0439S,5,0,0
2023/10/15 21:45,05F0439S,05F0494S,31,204,19
2023/10/15 21:45,05F0439S,05F0494S,32,183,5
2023/10/15 21:45,05F0439S,05F0494S,41,0,0
2023/10/15 21:45,05F0439S,05F0494S,42,0,0
2023/10/15 21:45,05F0439S,05F0494S,5,0,0
2023/10/15 21:50,05F0000S,05F0055S,31,231,72
2023/10/15 21:50,05F0000S,05F0055S,32,237,12
2023/10/15 21:50,05F0000S,05F0055S,41,260,4
2023/10/15 21:50,05F0000S,05F0055S,42,0,0
2023/10/15 21:50,05F0000S,05F0055S,5,0,0
2023/10/15 21:50,05F0055S,05F0287S,31,950,76
2023/10/15 21:50,05F0055S,05F0287S,32,970,15
2023/10/15 21:50,05F0055S,05F0287S,41,988,6
2023/10/15 21:50,05F0055S,05F0287S,42,0,0
2023/10/15 21:50,05F0055S,05F0287S,5,0,0
2023/10/15 21:50,05F0287S,05F0309S,31,84,56
2023/10/15 21:50,05F0287S,05F0309S,32,88,9
2023/10/15 21:50,05F0287S,05F0309S,41,92,5
2023/10/15 21:50,05F0287S,05F0309S,42,0,0
2023/10/15 21:50,05F0287S,05F0309S,5,0,0
2023/10/15 21:50,05F0309S,05F0439S,31,476,36
2023/10/15 21:50,05F0309S,05F0439S,32,464,5
2023/10/15 21:50,05F0309S,05F0439S,41,532,5
2023/10/15 21:50,05F0309S,05F0439S,42,508,1
2023/10/15 21:50,05F0309S,05F0439S,5,0,0
2023/10/15 21:50,05F0439S,05F0494S,31,202,17
2023/10/15 21:50,05F0439S,05F0494S,32,190,1
2023/10/15 21:50,05F0439S,05F0494S,41,0,0
2023/10/15 21:50,05F0439S,05F0494S,42,0,0
2023/10/15 21:50,05F0439S,05F0494S,5,0,0
2023/10/15 21:55,05F0000S,05F0055S,31,235,55
2023/10/15 21:55,05F0000S,05F0055S,32,234,12
2023/10/15 21:55,05F0000S,05F0055S,41,240,4
2023/10/15 21:55,05F0000S,05F0055S,42,236,1
2023/10/15 21:55,05F0000S,05F0055S,5,0,0
2023/10/15 21:55,05F0055S,05F0287S,31,956,75
2023/10/15 21:55,05F0055S,05F0287S,32,955,24
2023/10/15 21:55,05F0055S,05F0287S,41,946,3
2023/10/15 21:55,05F0055S,05F0287S,42,0,0
2023/10/15 21:55,05F0055S,05F0287S,5,0,0
2023/10/15 21:55,05F0287S,05F0309S,31,86,58
2023/10/15 21:55,05F0287S,05F0309S,32,88,17
2023/10/15 21:55,05F0287S,05F0309S,41,90,3
2023/10/15 21:55,05F0287S,05F0309S,42,0,0
2023/10/15 21:55,05F0287S,05F0309S,5,0,0
2023/10/15 21:55,05F0309S,05F0439S,31,473,35
2023/10/15 21:55,05F0309S,05F0439S,32,483,6
2023/10/15 21:55,05F0309S,05F0439S,41,521,1
2023/10/15 21:55,05F0309S,05F0439S,42,525,1
2023/10/15 21:55,05F0309S,05F0439S,5,0,0
2023/10/15 21:55,05F0439S,05F0494S,31,210,19
2023/10/15 21:55,05F0439S,05F0494S,32,204,3
2023/10/15 21:55,05F0439S,05F0494S,41,0,0
2023/10/15 21:55,05F0439S,05F0494S,42,0,0
2023/10/15 21:55,05F0439S,05F0494S,5,0,0
2023/10/15 22:00,05F0000S,05F0055S,31,237,59
2023/10/15 22:00,05F0000S,05F0055S,32,245,16
2023/10/15 22:00,05F0000S,05F0055S,41,247,3
2023/10/15 22:00,05F0000S,05F0055S,42,0,0
2023/10/15 22:00,05F0000S,05F0055S,5,0,0
2023/10/15 22:00,05F0055S,05F0287S,31,928,57
2023/10/15 22:00,05F0055S,05F0287S,32,952,10
2023/10/15 22:00,05F0055S,05F0287S,41,1016,3
2023/10/15 22:00,05F0055S,05F0287S,42,0,0
2023/10/15 22:00,05F0055S,05F0287S,5,0,0
2023/10/15 22:00,05F0287S,05F0309S,31,84,45
2023/10/15 22:00,05F0287S,05F0309S,32,81,15
2023/10/15 22:00,05F0287S,05F0309S,41,87,3
2023/10/15 22:00,05F0287S,05F0309S,42,0,0
2023/10/15 22:00,05F0287S,05F0309S,5,0,0
2023/10/15 22:00,05F0309S,05F0439S,31,481,33
2023/10/15 22:00,05F0309S,05F0439S,32,499,11
2023/10/15 22:00,05F0309S,05F0439S,41,533,6
2023/10/15 22:00,05F0309S,05F0439S,42,0,0
2023/10/15 22:00,05F0309S,05F0439S,5,0,0
2023/10/15 22:00,05F0439S,05F0494S,31,206,9
2023/10/15 22:00,05F0439S,05F0494S,32,161,1
2023/10/15 22:00,05F0439S,05F0494S,41,0,0
2023/10/15 22:00,05F0439S,05F0494S,42,0,0
2023/10/15 22:00,05F0439S,05F0494S,5,0,0
2023/10/15 22:05,05F0000S,05F0055S,31,239,64
2023/10/15 22:05,05F0000S,05F0055S,32,240,17
2023/10/15 22:05,05F0000S,05F0055S,41,237,3
2023/10/15 22:05,05F0000S,05F0055S,42,0,0
2023/10/15 22:05,05F0000S,05F0055S,5,0,0
2023/10/15 22:05,05F0055S,05F0287S,31,963,78
2023/10/15 22:05,05F0055S,05F0287S,32,949,13
2023/10/15 22:05,05F0055S,05F0287S,41,1013,8
2023/10/15 22:05,05F0055S,05F0287S,42,0,0
2023/10/15 22:05,05F0055S,05F0287S,5,0,0
2023/10/15 22:05,05F0287S,05F0309S,31,86,57
2023/10/15 22:05,05F0287S,05F0309S,32,89,9
2023/10/15 22:05,05F0287S,05F0309S,41,91,4
2023/10/15 22:05,05F0287S,05F0309S,42,0,0
2023/10/15 22:05,05F0287S,05F0309S,5,0,0
2023/10/15 22:05,05F0309S,05F0439S,31,490,28
2023/10/15 22:05,05F0309S,05F0439S,32,487,14
2023/10/15 22:05,05F0309S,05F0439S,41,484,1
2023/10/15 22:05,05F0309S,05F0439S,42,0,0
2023/10/15 22:05,05F0309S,05F0439S,5,0,0
2023/10/15 22:05,05F0439S,05F0494S,31,206,12
2023/10/15 22:05,05F0439S,05F0494S,32,197,2
2023/10/15 22:05,05F0439S,05F0494S,41,0,0
2023/10/15 22:05,05F0439S,05F0494S,42,0,0
2023/10/15 22:05,05F0439S,05F0494S,5,0,0
2023/10/15 22:10,05F0000S,05F0055S,31,234,65
2023/10/15 22:10,05F0000S,05F0055S,32,232,15
2023/10/15 22:10,05F0000S,05F0055S,41,246,4
2023/10/15 22:10,05F0000S,05F0055S,42,0,0
2023/10/15 22:10,05F0000S,05F0055S,5,0,0
2023/10/15 22:10,05F0055S,05F0287S,31,942,57
2023/10/15 22:10,05F0055S,05F0287S,32,960,12
2023/10/15 22:10,05F0055S,05F0287S,41,1002,3
2023/10/15 22:10,05F0055S,05F0287S,42,0,0
2023/10/15 22:10,05F0055S,05F0287S,5,0,0
2023/10/15 22:10,05F0287S,05F0309S,31,84,49
2023/10/15 22:10,05F0287S,05F0309S,32,86,11
2023/10/15 22:10,05F0287S,05F0309S,41,91,2
2023/10/15 22:10,05F0287S,05F0309S,42,0,0
2023/10/15 22:10,05F0287S,05F0309S,5,0,0
2023/10/15 22:10,05F0309S,05F0439S,31,461,25
2023/10/15 22:10,05F0309S,05F0439S,32,490,6
2023/10/15 22:10,05F0309S,05F0439S,41,2185,3
2023/10/15 22:10,05F0309S,05F0439S,42,0,0
2023/10/15 22:10,05F0309S,05F0439S,5,0,0
2023/10/15 22:10,05F0439S,05F0494S,31,177,8
2023/10/15 22:10,05F0439S,05F0494S,32,203,5
2023/10/15 22:10,05F0439S,05F0494S,41,0,0
2023/10/15 22:10,05F0439S,05F0494S,42,0,0
2023/10/15 22:10,05F0439S,05F0494S,5,0,0
2023/10/15 22:15,05F0000S,05F0055S,31,230,54
2023/10/15 22:15,05F0000S,05F0055S,32,242,7
2023/10/15 22:15,05F0000S,05F0055S,41,241,3
2023/10/15 22:15,05F0000S,05F0055S,42,0,0
2023/10/15 22:15,05F0000S,05F0055S,5,0,0
2023/10/15 22:15,05F0055S,05F0287S,31,960,60
2023/10/15 22:15,05F0055S,05F0287S,32,976,23
2023/10/15 22:15,05F0055S,05F0287S,41,1028,4
2023/10/15 22:15,05F0055S,05F0287S,42,0,0
2023/10/15 22:15,05F0055S,05F0287S,5,0,0
2023/10/15 22:15,05F0287S,05F0309S,31,84,42
2023/10/15 22:15,05F0287S,05F0309S,32,87,15
2023/10/15 22:15,05F0287S,05F0309S,41,885,5
2023/10/15 22:15,05F0287S,05F0309S,42,0,0
2023/10/15 22:15,05F0287S,05F0309S,5,0,0
2023/10/15 22:15,05F0309S,05F0439S,31,478,33
2023/10/15 22:15,05F0309S,05F0439S,32,476,5
2023/10/15 22:15,05F0309S,05F0439S,41,524,2
2023/10/15 22:15,05F0309S,05F0439S,42,512,1
2023/10/15 22:15,05F0309S,05F0439S,5,0,0
2023/10/15 22:15,05F0439S,05F0494S,31,191,10
2023/10/15 22:15,05F0439S,05F0494S,32,215,2
2023/10/15 22:15,05F0439S,05F0494S,41,0,0
2023/10/15 22:15,05F0439S,05F0494S,42,0,0
2023/10/15 22:15,05F0439S,05F0494S,5,0,0
2023/10/15 22:20,05F0000S,05F0055S,31,232,60
2023/10/15 22:20,05F0000S,05F0055S,32,231,15
2023/10/15 22:20,05F0000S,05F0055S,41,227,6
2023/10/15 22:20,05F0000S,05F0055S,42,0,0
2023/10/15 22:20,05F0000S,05F0055S,5,0,0
2023/10/15 22:20,05F0055S,05F0287S,31,968,67
2023/10/15 22:20,05F0055S,05F0287S,32,980,18
2023/10/15 22:20,05F0055S,05F0287S,41,1028,1
2023/10/15 22:20,05F0055S,05F0287S,42,0,0
2023/10/15 22:20,05F0055S,05F0287S,5,0,0
2023/10/15 22:20,05F0287S,05F0309S,31,83,50
2023/10/15 22:20,05F0287S,05F0309S,32,84,17
2023/10/15 22:20,05F0287S,05F0309S,41,92,3
2023/10/15 22:20,05F0287S,05F0309S,42,0,0
2023/10/15 22:20,05F0287S,05F0309S,5,0,0
2023/10/15 22:20,05F0309S,05F0439S,31,483,31
2023/10/15 22:20,05F0309S,05F0439S,32,495,6
2023/10/15 22:20,05F0309S,05F0439S,41,521,4
2023/10/15 22:20,05F0309S,05F0439S,42,0,0
2023/10/15 22:20,05F0309S,05F0439S,5,0,0
2023/10/15 22:20,05F0439S,05F0494S,31,187,12
2023/10/15 22:20,05F0439S,05F0494S,32,220,2
2023/10/15 22:20,05F0439S,05F0494S,41,240,1
2023/10/15 22:20,05F0439S,05F0494S,42,0,0
2023/10/15 22:20,05F0439S,05F0494S,5,0,0
2023/10/15 22:25,05F0000S,05F0055S,31,239,51
2023/10/15 22:25,05F0000S,05F0055S,32,246,13
2023/10/15 22:25,05F0000S,05F0055S,41,245,4
2023/10/15 22:25,05F0000S,05F0055S,42,0,0
2023/10/15 22:25,05F0000S,05F0055S,5,0,0
2023/10/15 22:25,05F0055S,05F0287S,31,951,71
2023/10/15 22:25,05F0055S,05F0287S,32,953,16
2023/10/15 22:25,05F0055S,05F0287S,41,1001,6
2023/10/15 22:25,05F0055S,05F0287S,42,0,0
2023/10/15 22:25,05F0055S,05F0287S,5,0,0
2023/10/15 22:25,05F0287S,05F0309S,31,85,51
2023/10/15 22:25,05F0287S,05F0309S,32,87,12
2023/10/15 22:25,05F0287S,05F0309S,41,92,4
2023/10/15 22:25,05F0287S,05F0309S,42,0,0
2023/10/15 22:25,05F0287S,05F0309S,5,0,0
2023/10/15 22:25,05F0309S,05F0439S,31,473,25
2023/10/15 22:25,05F0309S,05F0439S,32,477,12
2023/10/15 22:25,05F0309S,05F0439S,41,522,2
2023/10/15 22:25,05F0309S,05F0439S,42,0,0
2023/10/15 22:25,05F0309S,05F0439S,5,0,0
2023/10/15 22:25,05F0439S,05F0494S,31,205,13
2023/10/15 22:25,05F0439S,05F0494S,32,228,3
2023/10/15 22:25,05F0439S,05F0494S,41,0,0
2023/10/15 22:25,05F0439S,05F0494S,42,221,1
2023/10/15 22:25,05F0439S,05F0494S,5,0,0
2023/10/15 22:30,05F0000S,05F0055S,31,227,67
2023/10/15 22:30,05F0000S,05F0055S,32,238,10
2023/10/15 22:30,05F0000S,05F0055S,41,253,2
2023/10/15 22:30,05F0000S,05F0055S,42,0,0
2023/10/15 22:30,05F0000S,05F0055S,5,0,0
2023/10/15 22:30,05F0055S,05F0287S,31,948,63
2023/10/15 22:30,05F0055S,05F0287S,32,948,10
2023/10/15 22:30,05F0055S,05F0287S,41,983,3
2023/10/15 22:30,05F0055S,05F0287S,42,0,0
2023/10/15 22:30,05F0055S,05F0287S,5,0,0
2023/10/15 22:30,05F0287S,05F0309S,31,84,40
2023/10/15 22:30,05F0287S,05F0309S,32,75,9
2023/10/15 22:30,05F0287S,05F0309S,41,87,4
2023/10/15 22:30,05F0287S,05F0309S,42,0,0
2023/10/15 22:30,05F0287S,05F0309S,5,0,0
2023/10/15 22:30,05F0309S,05F0439S,31,471,32
2023/10/15 22:30,05F0309S,05F0439S,32,476,12
2023/10/15 22:30,05F0309S,05F0439S,41,0,0
2023/10/15 22:30,05F0309S,05F0439S,42,0,0
2023/10/15 22:30,05F0309S,05F0439S,5,0,0
2023/10/15 22:30,05F0439S,05F0494S,31,207,13
2023/10/15 22:30,05F0439S,05F0494S,32,179,3
2023/10/15 22:30,05F0439S,05F0494S,41,0,0
2023/10/15 22:30,05F0439S,05F0494S,42,0,0
2023/10/15 22:30,05F0439S,05F0494S,5,0,0
2023/10/15 22:35,05F0000S,05F0055S,31,235,53
2023/10/15 22:35,05F0000S,05F0055S,32,235,6
2023/10/15 22:35,05F0000S,05F0055S,41,251,2
2023/10/15 22:35,05F0000S,05F0055S,42,0,0
2023/10/15 22:35,05F0000S,05F0055S,5,0,0
2023/10/15 22:35,05F0055S,05F0287S,31,943,58
2023/10/15 22:35,05F0055S,05F0287S,32,942,10
2023/10/15 22:35,05F0055S,05F0287S,41,978,4
2023/10/15 22:35,05F0055S,05F0287S,42,0,0
2023/10/15 22:35,05F0055S,05F0287S,5,0,0
2023/10/15 22:35,05F0287S,05F0309S,31,83,60
2023/10/15 22:35,05F0287S,05F0309S,32,86,10
2023/10/15 22:35,05F0287S,05F0309S,41,99,1
2023/10/15 22:35,05F0287S,05F0309S,42,0,0
2023/10/15 22:35,05F0287S,05F0309S,5,0,0
2023/10/15 22:35,05F0309S,05F0439S,31,481,35
2023/10/15 22:35,05F0309S,05F0439S,32,450,7
2023/10/15 22:35,05F0309S,05F0439S,41,542,5
2023/10/15 22:35,05F0309S,05F0439S,42,598,1
2023/10/15 22:35,05F0309S,05F0439S,5,0,0
2023/10/15 22:35,05F0439S,05F0494S,31,199,12
2023/10/15 22:35,05F0439S,05F0494S,32,209,6
2023/10/15 22:35,05F0439S,05F0494S,41,0,0
2023/10/15 22:35,05F0439S,05F0494S,42,1148,1
2023/10/15 22:35,05F0439S,05F0494S,5,0,0
2023/10/15 22:40,05F0000S,05F0055S,31,232,47
2023/10/15 22:40,05F0000S,05F0055S,32,239,14
2023/10/15 22:40,05F0000S,05F0055S,41,238,1
2023/10/15 22:40,05F0000S,05F0055S,42,0,0
2023/10/15 22:40,05F0000S,05F0055S,5,0,0
2023/10/15 22:40,05F0055S,05F0287S,31,962,51
2023/10/15 22:40,05F0055S,05F0287S,32,972,12
2023/10/15 22:40,05F0055S,05F0287S,41,1033,5
2023/10/15 22:40,05F0055S,05F0287S,42,0,0
2023/10/15 22:40,05F0055S,05F0287S,5,0,0
2023/10/15 22:40,05F0287S,05F0309S,31,86,32
2023/10/15 22:40,05F0287S,05F0309S,32,87,8
2023/10/15 22:40,05F0287S,05F0309S,41,94,6
2023/10/15 22:40,05F0287S,05F0309S,42,0,0
2023/10/15 22:40,05F0287S,05F0309S,5,0,0
2023/10/15 22:40,05F0309S,05F0439S,31,478,28
2023/10/15 22:40,05F0309S,05F0439S,32,458,4
2023/10/15 22:40,05F0309S,05F0439S,41,505,1
2023/10/15 22:40,05F0309S,05F0439S,42,0,0
2023/10/15 22:40,05F0309S,05F0439S,5,0,0
2023/10/15 22:40,05F0439S,05F0494S,31,220,10
2023/10/15 22:40,05F0439S,05F0494S,32,217,3
2023/10/15 22:40,05F0439S,05F0494S,41,0,0
2023/10/15 22:40,05F0439S,05F0494S,42,0,0
2023/10/15 22:40,05F0439S,05F0494S,5,0,0
2023/10/15 22:45,05F0000S,05F0055S,31,229,43
2023/10/15 22:45,05F0000S,05F0055S,32,231,11
2023/10/15 22:45,05F0000S,05F0055S,41,236,4
2023/10/15 22:45,05F0000S,05F0055S,42,274,1
2023/10/15 22:45,05F0000S,05F0055S,5,0,0
2023/10/15 22:45,05F0055S,05F0287S,31,949,75
2023/10/15 22:45,05F0055S,05F0287S,32,964,14
2023/10/15 22:45,05F0055S,05F0287S,41,974,1
2023/10/15 22:45,05F0055S,05F0287S,42,0,0
2023/10/15 22:45,05F0055S,05F0287S,5,0,0
2023/10/15 22:45,05F0287S,05F0309S,31,82,59
2023/10/15 22:45,05F0287S,05F0309S,32,87,8
2023/10/15 22:45,05F0287S,05F0309S,41,91,3
2023/10/15 22:45,05F0287S,05F0309S,42,0,0
2023/10/15 22:45,05F0287S,05F0309S,5,0,0
2023/10/15 22:45,05F0309S,05F0439S,31,476,33
2023/10/15 22:45,05F0309S,05F0439S,32,477,3
2023/10/15 22:45,05F0309S,05F0439S,41,518,3
2023/10/15 22:45,05F0309S,05F0439S,42,0,0
2023/10/15 22:45,05F0309S,05F0439S,5,0,0
2023/10/15 22:45,05F0439S,05F0494S,31,179,8
2023/10/15 22:45,05F0439S,05F0494S,32,196,2
2023/10/15 22:45,05F0439S,05F0494S,41,0,0
2023/10/15 22:45,05F0439S,05F0494S,42,0,0
2023/10/15 22:45,05F0439S,05F0494S,5,0,0
2023/10/15 22:50,05F0000S,05F0055S,31,231,54
2023/10/15 22:50,05F0000S,05F0055S,32,224,7
2023/10/15 22:50,05F0000S,05F0055S,41,236,4
2023/10/15 22:50,05F0000S,05F0055S,42,0,0
2023/10/15 22:50,05F0000S,05F0055S,5,0,0
2023/10/15 22:50,05F0055S,05F0287S,31,948,53
2023/10/15 22:50,05F0055S,05F0287S,32,990,6
2023/10/15 22:50,05F0055S,05F0287S,41,999,4
2023/10/15 22:50,05F0055S,05F0287S,42,0,0
2023/10/15 22:50,05F0055S,05F0287S,5,0,0
2023/10/15 22:50,05F0287S,05F0309S,31,84,44
2023/10/15 22:50,05F0287S,05F0309S,32,91,6
2023/10/15 22:50,05F0287S,05F0309S,41,91,2
2023/10/15 22:50,05F0287S,05F0309S,42,0,0
2023/10/15 22:50,05F0287S,05F0309S,5,0,0
2023/10/15 22:50,05F0309S,05F0439S,31,451,30
2023/10/15 22:50,05F0309S,05F0439S,32,496,7
2023/10/15 22:50,05F0309S,05F0439S,41,495,2
2023/10/15 22:50,05F0309S,05F0439S,42,0,0
2023/10/15 22:50,05F0309S,05F0439S,5,0,0
2023/10/15 22:50,05F0439S,05F0494S,31,203,7
2023/10/15 22:50,05F0439S,05F0494S,32,211,2
2023/10/15 22:50,05F0439S,05F0494S,41,0,0
2023/10/15 22:50,05F0439S,05F0494S,42,0,0
2023/10/15 22:50,05F0439S,05F0494S,5,0,0
2023/10/15 22:55,05F0000S,05F0055S,31,230,41
2023/10/15 22:55,05F0000S,05F0055S,32,234,5
2023/10/15 22:55,05F0000S,05F0055S,41,223,3
2023/10/15 22:55,05F0000S,05F0055S,42,0,0
2023/10/15 22:55,05F0000S,05F0055S,5,0,0
2023/10/15 22:55,05F0055S,05F0287S,31,936,46
2023/10/15 22:55,05F0055S,05F0287S,32,947,17
2023/10/15 22:55,05F0055S,05F0287S,41,970,1
2023/10/15 22:55,05F0055S,05F0287S,42,0,0
2023/10/15 22:55,05F0055S,05F0287S,5,0,0
2023/10/15 22:55,05F0287S,05F0309S,31,83,39
2023/10/15 22:55,05F0287S,05F0309S,32,78,7
2023/10/15 22:55,05F0287S,05F0309S,41,93,3
2023/10/15 22:55,05F0287S,05F0309S,42,0,0
2023/10/15 22:55,05F0287S,05F0309S,5,0,0
2023/10/15 22:55,05F0309S,05F0439S,31,476,39
2023/10/15 22:55,05F0309S,05F0439S,32,500,6
2023/10/15 22:55,05F0309S,05F0439S,41,519,1
2023/10/15 22:55,05F0309S,05F0439S,42,0,0
2023/10/15 22:55,05F0309S,05F0439S,5,482,1
2023/10/15 22:55,05F0439S,05F0494S,31,200,8
2023/10/15 22:55,05F0439S,05F0494S,32,223,5
2023/10/15 22:55,05F0439S,05F0494S,41,0,0
2023/10/15 22:55,05F0439S,05F0494S,42,0,0
2023/10/15 22:55,05F0439S,05F0494S,5,202,1
2023/10/15 23:00,05F0000S,05F0055S,31,225,37
2023/10/15 23:00,05F0000S,05F0055S,32,221,7
2023/10/15 23:00,05F0000S,05F0055S,41,238,3
2023/10/15 23:00,05F0000S,05F0055S,42,0,0
2023/10/15 23:00,05F0000S,05F0055S,5,0,0
2023/10/15 23:00,05F0055S,05F0287S,31,933,50
2023/10/15 23:00,05F0055S,05F0287S,32,932,10
2023/10/15 23:00,05F0055S,05F0287S,41,988,3
2023/10/15 23:00,05F0055S,05F0287S,42,0,0
2023/10/15 23:00,05F0055S,05F0287S,5,0,0
2023/10/15 23:00,05F0287S,05F0309S,31,85,46
2023/10/15 23:00,05F0287S,05F0309S,32,86,13
2023/10/15 23:00,05F0287S,05F0309S,41,92,1
2023/10/15 23:00,05F0287S,05F0309S,42,0,0
2023/10/15 23:00,05F0287S,05F0309S,5,0,0
2023/10/15 23:00,05F0309S,05F0439S,31,487,29
2023/10/15 23:00,05F0309S,05F0439S,32,480,6
2023/10/15 23:00,05F0309S,05F0439S,41,540,3
2023/10/15 23:00,05F0309S,05F0439S,42,563,1
2023/10/15 23:00,05F0309S,05F0439S,5,513,1
2023/10/15 23:00,05F0439S,05F0494S,31,187,13
2023/10/15 23:00,05F0439S,05F0494S,32,208,2
2023/10/15 23:00,05F0439S,05F0494S,41,0,0
2023/10/15 23:00,05F0439S,05F0494S,42,234,1
2023/10/15 23:00,05F0439S,05F0494S,5,0,0
2023/10/15 23:05,05F0000S,05F0055S,31,233,51
2023/10/15 23:05,05F0000S,05F0055S,32,245,5
2023/10/15 23:05,05F0000S,05F0055S,41,231,2
2023/10/15 23:05,05F0000S,05F0055S,42,0,0
2023/10/15 23:05,05F0000S,05F0055S,5,0,0
2023/10/15 23:05,05F0055S,05F0287S,31,932,51
2023/10/15 23:05,05F0055S,05F0287S,32,956,8
2023/10/15 23:05,05F0055S,05F0287S,41,982,4
2023/10/15 23:05,05F0055S,05F0287S,42,0,0
2023/10/15 23:05,05F0055S,05F0287S,5,0,0
2023/10/15 23:05,05F0287S,05F0309S,31,82,40
2023/10/15 23:05,05F0287S,05F0309S,32,82,7
2023/10/15 23:05,05F0287S,05F0309S,41,90,4
2023/10/15 23:05,05F0287S,05F0309S,42,0,0
2023/10/15 23:05,05F0287S,05F0309S,5,0,0
2023/10/15 23:05,05F0309S,05F0439S,31,480,33
2023/10/15 23:05,05F0309S,05F0439S,32,471,7
2023/10/15 23:05,05F0309S,05F0439S,41,530,1
2023/10/15 23:05,05F0309S,05F0439S,42,0,0
2023/10/15 23:05,05F0309S,05F0439S,5,541,1
2023/10/15 23:05,05F0439S,05F0494S,31,206,13
2023/10/15 23:05,05F0439S,05F0494S,32,0,0
2023/10/15 23:05,05F0439S,05F0494S,41,0,0
2023/10/15 23:05,05F0439S,05F0494S,42,0,0
2023/10/15 23:05,05F0439S,05F0494S,5,218,1
2023/10/15 23:10,05F0000S,05F0055S,31,234,27
2023/10/15 23:10,05F0000S,05F0055S,32,235,6
2023/10/15 23:10,05F0000S,05F0055S,41,237,2
2023/10/15 23:10,05F0000S,05F0055S,42,0,0
2023/10/15 23:10,05F0000S,05F0055S,5,0,0
2023/10/15 23:10,05F0055S,05F0287S,31,941,48
2023/10/15 23:10,05F0055S,05F0287S,32,905,5
2023/10/15 23:10,05F0055S,05F0287S,41,969,3
2023/10/15 23:10,05F0055S,05F0287S,42,0,0
2023/10/15 23:10,05F0055S,05F0287S,5,0,0
2023/10/15 23:10,05F0287S,05F0309S,31,85,44
2023/10/15 23:10,05F0287S,05F0309S,32,86,4
2023/10/15 23:10,05F0287S,05F0309S,41,92,3
2023/10/15 23:10,05F0287S,05F0309S,42,0,0
2023/10/15 23:10,05F0287S,05F0309S,5,0,0
2023/10/15 23:10,05F0309S,05F0439S,31,460,27
2023/10/15 23:10,05F0309S,05F0439S,32,461,6
2023/10/15 23:10,05F0309S,05F0439S,41,535,1
2023/10/15 23:10,05F0309S,05F0439S,42,0,0
2023/10/15 23:10,05F0309S,05F0439S,5,0,0
2023/10/15 23:10,05F0439S,05F0494S,31,204,13
2023/10/15 23:10,05F0439S,05F0494S,32,204,6
2023/10/15 23:10,05F0439S,05F0494S,41,0,0
2023/10/15 23:10,05F0439S,05F0494S,42,0,0
2023/10/15 23:10,05F0439S,05F0494S,5,237,1
2023/10/15 23:15,05F0000S,05F0055S,31,221,38
2023/10/15 23:15,05F0000S,05F0055S,32,244,7
2023/10/15 23:15,05F0000S,05F0055S,41,223,4
2023/10/15 23:15,05F0000S,05F0055S,42,0,0
2023/10/15 23:15,05F0000S,05F0055S,5,0,0
2023/10/15 23:15,05F0055S,05F0287S,31,938,41
2023/10/15 23:15,05F0055S,05F0287S,32,926,7
2023/10/15 23:15,05F0055S,05F0287S,41,969,3
2023/10/15 23:15,05F0055S,05F0287S,42,0,0
2023/10/15 23:15,05F0055S,05F0287S,5,0,0
2023/10/15 23:15,05F0287S,05F0309S,31,80,31
2023/10/15 23:15,05F0287S,05F0309S,32,76,7
2023/10/15 23:15,05F0287S,05F0309S,41,88,2
2023/10/15 23:15,05F0287S,05F0309S,42,0,0
2023/10/15 23:15,05F0287S,05F0309S,5,0,0
2023/10/15 23:15,05F0309S,05F0439S,31,464,19
2023/10/15 23:15,05F0309S,05F0439S,32,474,6
2023/10/15 23:15,05F0309S,05F0439S,41,1176,2
2023/10/15 23:15,05F0309S,05F0439S,42,574,2
2023/10/15 23:15,05F0309S,05F0439S,5,0,0
2023/10/15 23:15,05F0439S,05F0494S,31,180,10
2023/10/15 23:15,05F0439S,05F0494S,32,204,1
2023/10/15 23:15,05F0439S,05F0494S,41,0,0
2023/10/15 23:15,05F0439S,05F0494S,42,0,0
2023/10/15 23:15,05F0439S,05F0494S,5,0,0
2023/10/15 23:20,05F0000S,05F0055S,31,222,36
2023/10/15 23:20,05F0000S,05F0055S,32,231,10
2023/10/15 23:20,05F0000S,05F0055S,41,234,3
2023/10/15 23:20,05F0000S,05F0055S,42,0,0
2023/10/15 23:20,05F0000S,05F0055S,5,0,0
2023/10/15 23:20,05F0055S,05F0287S,31,944,51
2023/10/15 23:20,05F0055S,05F0287S,32,938,5
2023/10/15 23:20,05F0055S,05F0287S,41,1017,2
2023/10/15 23:20,05F0055S,05F0287S,42,0,0
2023/10/15 23:20,05F0055S,05F0287S,5,0,0
2023/10/15 23:20,05F0287S,05F0309S,31,86,36
2023/10/15 23:20,05F0287S,05F0309S,32,85,1
2023/10/15 23:20,05F0287S,05F0309S,41,91,3
2023/10/15 23:20,05F0287S,05F0309S,42,0,0
2023/10/15 23:20,05F0287S,05F0309S,5,0,0
2023/10/15 23:20,05F0309S,05F0439S,31,481,33
2023/10/15 23:20,05F0309S,05F0439S,32,424,1
2023/10/15 23:20,05F0309S,05F0439S,41,531,4
2023/10/15 23:20,05F0309S,05F0439S,42,503,1
2023/10/15 23:20,05F0309S,05F0439S,5,0,0
2023/10/15 23:20,05F0439S,05F0494S,31,203,7
2023/10/15 23:20,05F0439S,05F0494S,32,219,4
2023/10/15 23:20,05F0439S,05F0494S,41,0,0
2023/10/15 23:20,05F0439S,05F0494S,42,0,0
2023/10/15 23:20,05F0439S,05F0494S,5,0,0
2023/10/15 23:25,05F0000S,05F0055S,31,232,32
2023/10/15 23:25,05F0000S,05F0055S,32,237,7
2023/10/15 23:25,05F0000S,05F0055S,41,236,1
2023/10/15 23:25,05F0000S,05F0055S,42,0,0
2023/10/15 23:25,05F0000S,05F0055S,5,0,0
2023/10/15 23:25,05F0055S,05F0287S,31,936,27
2023/10/15 23:25,05F0055S,05F0287S,32,958,3
2023/10/15 23:25,05F0055S,05F0287S,41,959,2
2023/10/15 23:25,05F0055S,05F0287S,42,0,0
2023/10/15 23:25,05F0055S,05F0287S,5,0,0
2023/10/15 23:25,05F0287S,05F0309S,31,81,26
2023/10/15 23:25,05F0287S,05F0309S,32,88,4
2023/10/15 23:25,05F0287S,05F0309S,41,90,1
2023/10/15 23:25,05F0287S,05F0309S,42,0,0
2023/10/15 23:25,05F0287S,05F0309S,5,0,0
2023/10/15 23:25,05F0309S,05F0439S,31,457,15
2023/10/15 23:25,05F0309S,05F0439S,32,476,2
2023/10/15 23:25,05F0309S,05F0439S,41,1482,2
2023/10/15 23:25,05F0309S,05F0439S,42,614,1
2023/10/15 23:25,05F0309S,05F0439S,5,0,0
2023/10/15 23:25,05F0439S,05F0494S,31,206,15
2023/10/15 23:25,05F0439S,05F0494S,32,0,0
2023/10/15 23:25,05F0439S,05F0494S,41,0,0
2023/10/15 23:25,05F0439S,05F0494S,42,0,0
2023/10/15 23:25,05F0439S,05F0494S,5,0,0
2023/10/15 23:30,05F0000S,05F0055S,31,233,38
2023/10/15 23:30,05F0000S,05F0055S,32,225,8
2023/10/15 23:30,05F0000S,05F0055S,41,234,3
2023/10/15 23:30,05F0000S,05F0055S,42,0,0
2023/10/15 23:30,05F0000S,05F0055S,5,0,0
2023/10/15 23:30,05F0055S,05F0287S,31,930,49
2023/10/15 23:30,05F0055S,05F0287S,32,953,8
2023/10/15 23:30,05F0055S,05F0287S,41,965,4
2023/10/15 23:30,05F0055S,05F0287S,42,0,0
2023/10/15 23:30,05F0055S,05F0287S,5,0,0
2023/10/15 23:30,05F0287S,05F0309S,31,84,36
2023/10/15 23:30,05F0287S,05F0309S,32,89,6
2023/10/15 23:30,05F0287S,05F0309S,41,91,5
2023/10/15 23:30,05F0287S,05F0309S,42,0,0
2023/10/15 23:30,05F0287S,05F0309S,5,0,0
2023/10/15 23:30,05F0309S,05F0439S,31,483,27
2023/10/15 23:30,05F0309S,05F0439S,32,462,2
2023/10/15 23:30,05F0309S,05F0439S,41,1102,2
2023/10/15 23:30,05F0309S,05F0439S,42,0,0
2023/10/15 23:30,05F0309S,05F0439S,5,0,0
2023/10/15 23:30,05F0439S,05F0494S,31,204,2
2023/10/15 23:30,05F0439S,05F0494S,32,0,0
2023/10/15 23:30,05F0439S,05F0494S,41,222,1
2023/10/15 23:30,05F0439S,05F0494S,42,260,1
2023/10/15 23:30,05F0439S,05F0494S,5,0,0
2023/10/15 23:35,05F0000S,05F0055S,31,238,35
2023/10/15 23:35,05F0000S,05F0055S,32,229,9
2023/10/15 23:35,05F0000S,05F0055S,41,0,0
2023/10/15 23:35,05F0000S,05F0055S,42,0,0
2023/10/15 23:35,05F0000S,05F0055S,5,0,0
2023/10/15 23:35,05F0055S,05F0287S,31,916,46
2023/10/15 23:35,05F0055S,05F0287S,32,938,9
2023/10/15 23:35,05F0055S,05F0287S,41,989,2
2023/10/15 23:35,05F0055S,05F0287S,42,0,0
2023/10/15 23:35,05F0055S,05F0287S,5,0,0
2023/10/15 23:35,05F0287S,05F0309S,31,80,29
2023/10/15 23:35,05F0287S,05F0309S,32,82,7
2023/10/15 23:35,05F0287S,05F0309S,41,0,0
2023/10/15 23:35,05F0287S,05F0309S,42,0,0
2023/10/15 23:35,05F0287S,05F0309S,5,0,0
2023/10/15 23:35,05F0309S,05F0439S,31,488,18
2023/10/15 23:35,05F0309S,05F0439S,32,498,3
2023/10/15 23:35,05F0309S,05F0439S,41,1288,2
2023/10/15 23:35,05F0309S,05F0439S,42,0,0
2023/10/15 23:35,05F0309S,05F0439S,5,0,0
2023/10/15 23:35,05F0439S,05F0494S,31,206,11
2023/10/15 23:35,05F0439S,05F0494S,32,0,0
2023/10/15 23:35,05F0439S,05F0494S,41,0,0
2023/10/15 23:35,05F0439S,05F0494S,42,0,0
2023/10/15 23:35,05F0439S,05F0494S,5,0,0
2023/10/15 23:40,05F0000S,05F0055S,31,224,29
2023/10/15 23:40,05F0000S,05F0055S,32,234,5
2023/10/15 23:40,05F0000S,05F0055S,41,234,1
2023/10/15 23:40,05F0000S,05F0055S,42,0,0
2023/10/15 23:40,05F0000S,05F0055S,5,0,0
2023/10/15 23:40,05F0055S,05F0287S,31,926,27
2023/10/15 23:40,05F0055S,05F0287S,32,914,9
2023/10/15 23:40,05F0055S,05F0287S,41,978,3
2023/10/15 23:40,05F0055S,05F0287S,42,0,0
2023/10/15 23:40,05F0055S,05F0287S,5,0,0
2023/10/15 23:40,05F0287S,05F0309S,31,82,26
2023/10/15 23:40,05F0287S,05F0309S,32,86,9
2023/10/15 23:40,05F0287S,05F0309S,41,89,4
2023/10/15 23:40,05F0287S,05F0309S,42,0,0
2023/10/15 23:40,05F0287S,05F0309S,5,0,0
2023/10/15 23:40,05F0309S,05F0439S,31,465,26
2023/10/15 23:40,05F0309S,05F0439S,32,513,7
2023/10/15 23:40,05F0309S,05F0439S,41,523,3
2023/10/15 23:40,05F0309S,05F0439S,42,0,0
2023/10/15 23:40,05F0309S,05F0439S,5,495,1
2023/10/15 23:40,05F0439S,05F0494S,31,209,8
2023/10/15 23:40,05F0439S,05F0494S,32,200,3
2023/10/15 23:40,05F0439S,05F0494S,41,0,0
2023/10/15 23:40,05F0439S,05F0494S,42,0,0
2023/10/15 23:40,05F0439S,05F0494S,5,0,0
2023/10/15 23:45,05F0000S,05F0055S,31,226,26
2023/10/15 23:45,05F0000S,05F0055S,32,238,5
2023/10/15 23:45,05F0000S,05F0055S,41,235,3
2023/10/15 23:45,05F0000S,05F0055S,42,0,0
2023/10/15 23:45,05F0000S,05F0055S,5,0,0
2023/10/15 23:45,05F0055S,05F0287S,31,926,33
2023/10/15 23:45,05F0055S,05F0287S,32,965,8
2023/10/15 23:45,05F0055S,05F0287S,41,1015,2
2023/10/15 23:45,05F0055S,05F0287S,42,0,0
2023/10/15 23:45,05F0055S,05F0287S,5,0,0
2023/10/15 23:45,05F0287S,05F0309S,31,84,31
2023/10/15 23:45,05F0287S,05F0309S,32,90,5
2023/10/15 23:45,05F0287S,05F0309S,41,91,2
2023/10/15 23:45,05F0287S,05F0309S,42,0,0
2023/10/15 23:45,05F0287S,05F0309S,5,0,0
2023/10/15 23:45,05F0309S,05F0439S,31,469,23
2023/10/15 23:45,05F0309S,05F0439S,32,449,6
2023/10/15 23:45,05F0309S,05F0439S,41,504,2
2023/10/15 23:45,05F0309S,05F0439S,42,0,0
2023/10/15 23:45,05F0309S,05F0439S,5,0,0
2023/10/15 23:45,05F0439S,05F0494S,31,193,8
2023/10/15 23:45,05F0439S,05F0494S,32,201,4
2023/10/15 23:45,05F0439S,05F0494S,41,0,0
2023/10/15 23:45,05F0439S,05F0494S,42,0,0
2023/10/15 23:45,05F0439S,05F0494S,5,210,1
2023/10/15 23:50,05F0000S,05F0055S,31,232,30
2023/10/15 23:50,05F0000S,05F0055S,32,230,7
2023/10/15 23:50,05F0000S,05F0055S,41,232,1
2023/10/15 23:50,05F0000S,05F0055S,42,0,0
2023/10/15 23:50,05F0000S,05F0055S,5,0,0
2023/10/15 23:50,05F0055S,05F0287S,31,946,36
2023/10/15 23:50,05F0055S,05F0287S,32,937,9
2023/10/15 23:50,05F0055S,05F0287S,41,1011,1
2023/10/15 23:50,05F0055S,05F0287S,42,0,0
2023/10/15 23:50,05F0055S,05F0287S,5,0,0
2023/10/15 23:50,05F0287S,05F0309S,31,81,16
2023/10/15 23:50,05F0287S,05F0309S,32,86,5
2023/10/15 23:50,05F0287S,05F0309S,41,96,1
2023/10/15 23:50,05F0287S,05F0309S,42,0,0
2023/10/15 23:50,05F0287S,05F0309S,5,0,0
2023/10/15 23:50,05F0309S,05F0439S,31,434,13
2023/10/15 23:50,05F0309S,05F0439S,32,479,5
2023/10/15 23:50,05F0309S,05F0439S,41,533,1
2023/10/15 23:50,05F0309S,05F0439S,42,484,1
2023/10/15 23:50,05F0309S,05F0439S,5,0,0
2023/10/15 23:50,05F0439S,05F0494S,31,221,7
2023/10/15 23:50,05F0439S,05F0494S,32,225,2
2023/10/15 23:50,05F0439S,05F0494S,41,210,1
2023/10/15 23:50,05F0439S,05F0494S,42,0,0
2023/10/15 23:50,05F0439S,05F0494S,5,0,0
2023/10/15 23:55,05F0000S,05F0055S,31,229,35
2023/10/15 23:55,05F0000S,05F0055S,32,242,4
2023/10/15 23:55,05F0000S,05F0055S,41,0,0
2023/10/15 23:55,05F0000S,05F0055S,42,0,0
2023/10/15 23:55,05F0000S,05F0055S,5,0,0
2023/10/15 23:55,05F0055S,05F0287S,31,924,32
2023/10/15 23:55,05F0055S,05F0287S,32,930,7
2023/10/15 23:55,05F0055S,05F0287S,41,1004,1
2023/10/15 23:55,05F0055S,05F0287S,42,0,0
2023/10/15 23:55,05F0055S,05F0287S,5,0,0
2023/10/15 23:55,05F0287S,05F0309S,31,85,38
2023/10/15 23:55,05F0287S,05F0309S,32,80,3
2023/10/15 23:55,05F0287S,05F0309S,41,796,2
2023/10/15 23:55,05F0287S,05F0309S,42,0,0
2023/10/15 23:55,05F0287S,05F0309S,5,0,0
2023/10/15 23:55,05F0309S,05F0439S,31,466,17
2023/10/15 23:55,05F0309S,05F0439S,32,475,2
2023/10/15 23:55,05F0309S,05F0439S,41,520,1
2023/10/15 23:55,05F0309S,05F0439S,42,0,0
2023/10/15 23:55,05F0309S,05F0439S,5,0,0
2023/10/15 23:55,05F0439S,05F0494S,31,169,8
2023/10/15 23:55,05F0439S,05F0494S,32,205,2
2023/10/15 23:55,05F0439S,05F0494S,41,0,0
2023/10/15 23:55,05F0439S,05F0494S,42,0,0
2023/10/15 23:55,05F0439S,05F0494S,5,0,0
